362
-457
344
-486
911
422
827
344
579
617
79
-278
-240
154
839
-993
344
572
-546
215
716
750
-446
61
-379
944
-16
261
-235
737
776
-818
244
-241
72
-589
-978
-734
192
136
-208
-728
-24
843
483
-574
-54
-801
784
-711
344
254
438
-237
-829
285
614
-705
242
-206
-793
152
567
532
301
366
-502
-614
-852
-698
316
-753
877
325
-104
604
-147
-923
-395
-876
-515
-600
-941
390
-818
482
799
-221
935
98
259
707
868
707
-48
-866
-426
-988
196
246
360
-909
-779
-836
265
623
-353
344
107
739
745
-622
262
-384
331
354
889
-515
374
590
584
-916
-139
-24
60
825
-179
973
31
-971
899
-266
344
-207
-542
-247
-678
-42
616
752
-173
-253
908
642
-244
-654
61
-736
-774
52
559
-548
63
-808
-940
-222
779
155
833
-224
959
810
-180
991
-387
-921
-615
-525
-468
314
455
128
906
-592
-361
467
425
935
-78
177
-121
101
92
108
-748
820
356
526
969
-908
704
561
-857
456
886
-310
-507
138
394
739
-970
38
884
314
932
-49
344
90
434
160
686
-916
494
82
496
222
874
164
636
-858
-286
47
396
387
-89
-718
-437
-619
-312
120
818
708
-546
139
-245
618
90
-406
695
-468
-92
-313
962
398
156
631
598
-911
-324
-544
651
813
28
-553
-901
-694
45
3
-717
141
-382
681
875
-472
424
217
75
-536
-493
344
954
-83
-180
-160
751
125
878
-1
-357
29
209
567
-294
-975
675
-547
466
-901
275
921
920
-344
-164
322
-635
-302
607
-826
-449
707
883
188
991
504
-156
-284
99
108
309
664
-36
-446
-910
-937
-677
-823
437
-241
-443
818
467
-23
-816
-180
-389
-634
271
675
58
317
927
-278
191
-610
952
-889
-317
-589
-696
308
128
-401
172
-460
929
-944
-359
590
-711
423
-220
797
378
858
455
44
-865
-263
-262
235
-934
-422
343
-289
-331
-826
-533
-532
-811
451
-131
344
-795
326
-672
310
-364
-694
280
-95
-28
-80
321
9
-752
391
485
801
-473
-594
-230
189
170
-250
196
5
-170
522
666
453
867
601
-522
865
-517
-894
458
318
-57
157
923
133
-792
631
-64
806
344
915
-145
607
-378
-644
126
-202
622
-251
-363
344
990
-597
963
923
90
643
-281
21
87
183
-718
345
482
-167
445
-193
-675
-118
63
583
-76
130
985
701
-266
512
91
991
-766
-898
200
-171
554
-713
210
689
-942
913
-138
344
231
226
-963
733
-978
-25
678
-931
19
90
219
761
-627
-702
600
514
827
413
106
160
-850
831
-798
-544
980
813
325
716
-919
24
208
-110
897
469
732
975
905
979
-208
-611
-813
344
555
307
-235
947
329
784
661
786
-79
107
-481
912
401
653
493
-436
913
-587
-574
385
-944
430
712
869
499
-78
-375
314
-378
-904
-928
344
345
42
746
-169
357
736
-385
291
582
344
-883
-912
271
863
778
-807
-171
-743
-890
-107
-197
237
484
745
-382
-540
564
-203
597
775
367
481
295
-801
-634
-914
-944
-240
-150
172
474
-146
922
-823
257
344
-995
643
-665
87
221
841
-168
-114
-822
-82
344
-829
-221
-313
-275
-840
9
-850
-480
-737
979
344
314
214
-746
586
-505
3
-240
791
959
-307
94
325
-677
536
-532
-297
-396
336
-921
-303
490
332
-268
66
670
753
884
-620
802
665
-717
344
-272
-547
-736
344
206
831
190
-726
-967
-645
-569
823
-305
832
154
-280
657
183
935
-234
-19
801
-535
-214
261
648
707
-870
344
-581
393
-76
-54
344
552
983
-317
-932
-318
626
-191
-129
-564
-541
-444
-929
264
296
552
-221
120
52
569
990
851
595
-885
383
-999
967
406
-509
206
290
743
695
-845
-134
261
-435
-69
507
144
398
-231
-278
819
994
333
24
561
-310
-113
7
-461
-628
799
-474
666
371
-540
-650
-791
344
344
74
-737
-500
720
344
717
210
344
-314
-523
299
950
950
-571
908
344
-868
727
-678
-705
-413
128
-34
694
902
344
59
702
294
-698
595
513
-196
-409
-150
-880
999
934
396
392
742
186
362
-4
641
906
-942
753
187
833
961
-655
-166
36
793
-261
-568
907
114
351
550
61
925
325
344
-765
487
-207
-546
969
101
-87
-814
711
-878
711
746
633
805
-513
558
559
-339
228
-405
729
-779
-223
318
-191
-291
-808
-12
-518
91
960
997
179
764
-238
856
-827
-374
772
-983
319
-364
-280
374
-470
-804
-957
-430
-960
-105
178
-256
-513
-292
513
751
506
799
-99
462
-775
344
320
430
283
-595
836
526
915
344
131
16
-290
-182
973
719
230
993
747
44
-702
-892
29
-683
765
325
438
-922
368
211
-546
35
-374
64
363
-115
-445
-10
-324
-101
736
612
717
-500
386
-948
615
-613
462
301
501
-890
-205
-380
-981
247
540
-208
807
-140
941
587
-556
-317
481
9
558
344
870
857
-460
-74
622
968
-533
787
229
344
510
525
117
344
-828
-741
497
36
531
-854
245
464
628
-257
198
-431
126
833
212
13
-192
530
-613
261
-598
-116
41
344
-599
996
-947
460
702
896
-243
451
560
-211
-815
-423
606
901
513
50
-478
68
806
-230
433
-793
98
550
-692
856
482
151
391
-165
451
968
-779
930
770
162
359
-165
488
246
934
506
-194
-966
-284
648
687
-183
537
624
-56
739
-271
380
968
528
-660
-677
-654
-532
-104
282
-313
726
77
359
-894
829
-690
498
-638
-809
-851
-910
-376
373
-292
453
-967
99
-449
-564
594
-252
401
179
269
310
-712
-30
547
344
210
344
-306
-207
135
-54
-557
275
-342
-660
581
882
-501
540
-460
156
557
-78
-589
-528
-231
914
754
-241
-265
869
-347
-836
-614
-560
-452
249
500
540
535
-83
824
-627
931
-693
774
-502
-632
283
442
148
599
-100
765
525
-744
516
-33
-158
-138
567
-802
-116
-922
-729
344
-94
967
-902
-180
-417
-180
-886
-791
-489
201
-551
-922
-347
-161
44
418
344
-735
-691
-527
893
-919
-804
-815
-118
-522
-309
-83
902
-575
-932
344
-53
-789
-904
167
565
409
-236
-512
921
-147
436
-771
982
-654
-123
407
-519
260
940
-806
-276
501
30
821
-255
-703
-938
499
69
948
42
983
779
-863
-558
-45
357
-105
-897
344
736
-411
-598
-10
-743
907
344
902
456
-926
321
252
-5
852
-254
723
344
-23
-680
-2
344
438
344
271
-19
-920
851
107
-201
-334
-699
746
505
618
170
-373
-246
952
515
426
262
-696
-353
70
69
-242
-64
-682
-814
-680
656
-883
92
-693
-571
-380
-418
-855
966
-48
-312
522
-629
-206
-181
-436
-554
344
-635
-164
559
-997
60
-741
577
971
-744
-786
653
88
120
344
344
600
344
-82
-903
-377
-192
531
-444
413
547
972
186
104
136
-543
707
158
-846
-8
486
-18
544
726
298
-718
262
857
473
295
572
-281
-403
-67
784
190
-574
-490
865
41
656
290
-244
733
69
103
-921
-53
-545
997
582
-133
-645
-681
638
-753
381
-335
-174
765
-417
-537
-397
-838
-834
-348
802
459
500
528
849
691
-566
53
-47
753
755
-140
344
-218
-670
-748
51
344
62
-343
674
953
-195
-937
-719
-851
801
-440
887
344
-865
104
176
867
-564
-291
830
-120
830
-946
469
740
262
-106
-173
834
-545
860
671
468
268
289
189
-138
782
-230
336
344
-698
650
-793
874
683
293
344
344
-126
-832
-978
550
-58
-329
319
-164
-498
344
39
609
-526
-415
211
234
-228
666
-160
-613
-711
344
-268
-978
-474
-186
205
947
440
521
336
864
-677
-126
-609
-383
996
-8
-44
-887
169
-404
531
-906
424
6
-732
402
736
292
847
565
-763
685
420
-102
902
-204
996
88
-179
-736
-338
514
626
-705
879
-940
566
-91
-551
717
469
766
209
319
356
-540
284
652
344
71
728
-573
-416
-852
598
-378
-773
-179
-849
608
580
-144
-205
-160
-292
-807
652
-626
724
-773
401
344
147
-377
-776
-259
-117
-868
-184
259
222
428
-291
-263
344
358
396
-617
-848
653
848
-793
655
-106
713
-864
734
-511
607
-511
6
344
766
-787
-371
447
-412
515
851
635
344
-191
-178
555
749
133
-643
-966
5
-298
-454
-50