99114
39934
97952
78316
23490
16504
29651
1315
12361
59440
53521
1325
61562
41663
42432
95472
25610
10495
82214
62798
65921
65692
87371
75588
64187
40407
5766
19536
35465
19860
42132
42129
21560
71054
98580
7622
28124
93397
47306
94956
2046
68827
59345
5107
28076
63156
15484
49522
40564
14146
37199
35999
84473
93485
93412
94185
33216
6211
74377
60184
14560
8394
70187
99696
94757
69718
35511
18313
60328
80323
21241
62005
96777
13749
3908
96078
98096
45034
50922
44414
6618
54977
68196
8023
51619
79440
92278
50167
56384
17216
99459
89560
46224
12350
65247
76504
95907
81882
997
29328
6226
48071
58437
87766
82766
29382
88242
91494
93209
12679
14828
37276
48727
85240
48811
42310
3084
99308
93071
66264
95786
13334
40776
53254
50182
7578
61308
92027
5868
48590
54845
17326
17596
38202
79493
73258
52888
69252
3894
43530
64145
97521
82209
31843
30935
9148
15240
98566
52786
53375
93681
61089
95022
6293
11302
51890
66439
22318
53567
23641
22648
18579
81513
15091
40234
61764
89918
47574
21157
56489
16552
20018
8130
19107
4338
79100
59459
55908
96722
16182
99702
1547
26171
92455
14949
26831
72182
56209
78163
55674
73142
81809
71380
75488
10132
90628
89452
505
88509
91776
69709
46534
11839
19006
98424
13250
84030
51847
50894
92222
28940
93650
85651
44007
97333
2261
3210
12257
64290
94549
37540
83206
36551
88301
71372
18782
62519
24028
88248
24849
49131
14393
38599
3709
78567
27912
46866
49450
31128
97859
85004
15708
74463
19684
30078
31780
67731
44142
78053
52936
66070
59183
51870
27594
75613
67843
17419
44521
16970
77308
6833
9976
57818
19190
54669
18524
68924
91576
30867
99268
38518
2391
79373
86913
9767
56666
78360
11443
71380
12239
60767
25253
57980
23539
34190
1001
36740
10354
1700
53932
34946
37599
56274
47126
57750
7130
47693
10070
42214
47126
28049
8118
26934
48364
35725
38029
40655
37890
4117
69184
18856
39944
18796
55015
30913
29987
9737
86235
71090
86283
72697
50575
85689
15811
67218
90044
4234
49008
28284
74127
91179
61059
99025
77614
81700
56867
11727
90232
86108
53369
23657
63228
60315
39268
85282
41932
31371
45623
38175
33645
25067
7560
73587
98852
59987
12156
50730
98709
98587
1890
19916
80172
90751
63901
2308
41072
61591
1405
47035
59970
79990
86767
71797
50142
28063
33354
28033
35576
72778
68233
86289
29828
9192
48899
82070
8647
79911
95401
72428
5637
56656
51448
91559
33616
45964
8534
78837
46667
60936
17416
65915
67769
95009
68724
75407
88598
4203
60811
85669
49507
38956
88743
82611
42353
70440
64541
21110
43660
79191
42531
70789
12791
14480
27885
1721
64667
62925
70384
37796
95460
54040
83173
44727
48370
12056
40307
38649
82614
30107
44888
53589
67808
47789
1067
85438
79790
58342
69980
17716
34917
15242
79359
11128
125
61146
76638
32275
31478
88281
36991
65651
95707
43330
12748
51982
78264
45119
92556
87462
72793
70781
21801
7676
95941
25539
51650
630
92808
13626
36345
18524
86150
75792
93185
22405
88050
32354
20537
24581
76055
46549
97395
50662
63770
92957
56051
7718
49243
64957
11077
43627
57631
7354
4867
14940
49068
20779
50565
87570
16846
81246
41582
63888
47477
19374
42958
31186
94392
12771
95598
26227
98940
8746
7288
22499
43463
341
5259
52655
49578
6440
29265
86302
19320
32034
42697
75284
13586
33229
16760
81083
41589
82456
71433
97742
14870
82630
30347
31580
97320
9796
42527
80879
68174
53578
2231
55791
22792
48700
15662
83219
36867
41186
99503
90883
56375
44273
390
81186
54190
64055
53795
12668
24227
53646
57622
72291
69440
11752
35364
18652
85335
70226
7167
26893
66479
10080
94800
59853
16054
19061
75298
99027
7365
49840
18519
74304
11650
90035
93789
37330
7139
60337
58895
11261
86224
84653
91072
73183
35938
36778
67094
52527
15994
11537
81157
35020
88556
95704
67447
67030
15472
88452
3693
78804
66494
18837
33254
36741
40727
28851
66952
26681
19356
4913
87500
76153
13636
81626
83150
74581
1257
84418
9665
26044
75042
35025
21937
79280
22088
30236
80960
95559
22792
50495
99274
87282
14664
59824
92608
42282
80424
48041
94878
86365
5982
75322
49405
49385
60372
45429
34877
63295
24487
8667
82231
43509
14732
32831
53177
17825
38376
89631
441
68798
53802
57575
76265
88989
40314
61887
43777
42301
23654
16494
54681
78230
18888
69834
41228
53157
48972
38701
89144
36959
48009
42349
51458
47650
57749
98893
34040
35654
33165
31969
46556
25093
6746
22204
65223
2611
29004
6452
30450
14647
68824
43585
17834
74459
24658
50028
75428
1304
66729
83988
25045
61358
71641
41363
4154
44711
12874
54795
21304
49002
721
36675
59395
85673
79298
40967
93811
57303
60069
53182
31568
30278
97000
29327
33146
60966
89948
29281
13433
9596
26526
37632
59102
17498
32154
75736
63496
39435
10901
29901
16797
28420
40148
82589
37923
12952
89811
81315
15614
67477
69455
70690
20953
47009
27400
62266
58040
26744
45581
29035
73149
15345
11103
72948
64687
53866
24051
69019
82227
39457
27941
88731
68367
10897
92047
44048
58208
12966
29849
32034
28223
78727
13556
90250
47464
19728
11832
93524
75010
2893
80907
75535
15018
99145
94869
58144
96609
31303
36288
30130
37040
80296
31257
51380
90990
99219
4014
4851
3826
23594
88031
15432
82193
6178
3435
4691
60279
68732
19089
85531
38250
62822
59303
96348
22204
90086
78819
8306
88148
52601
5877
8343
63604
42330
70372
78612
82646
30602
34203
47820
34868
86751
99211
14214
27137
51831
15241
73950
41577
84645
83595
70924
84144
82028
65206
64110
11965
31597
34230
45893
39564
74737
56047
66742
64845
69604
71144
12451
3088
41429
22500
98175
2144
39263
74339
71205
43295
55695
30498
29929
73893
23838
19974
99843
3588
31405
64357
1306
59459
70208
44743
24649
3394
2679
46719
81926
32644
94993
44948
31191
82366
99457
93099
65029
28563
52059
2454
92390
88190
12103
6433
58702
5404
78729
91357
82910
96830
61681
90453
6489
43753
25727
50526
83003
16344
2468
13569
1256
19983
9401
78016
64533
28427
23066
51304
79569
53248
24876
59659
77309
22109
68676
81861
78518
699
51289
55293
56554
57622
1716
75406
48949
42740
3609
87459
82200
78665
72956
40803
81511
50185
55386
89816
38823
28274
70203
44804
491
24355
30933
40436
71245
22872
3443
71329
69935
42670
42302
89449
92486
5891
81781
98133
78990
84956
33646
13533
90129
48310
13536
12606
93624
8337
52464
67623
43187
20402
760
44154
59190
16777
99969
26178
95342
69051
63317
10266
99741
55081
35413
33999
25333
28965
80507
44161
57659
98896
4374
81993
24904
54394
43233
75223
77683
3004
70871
71928
23450
90056
25497
97081
34508
87754
89954
88392
28770
59818
85210
48710
66107
32068
66694
13505
26956
75188
31187
16450
57426
77569
86587
89971
10155
38592
19199
23226
57526
80559
44979
16315
24041
81191
5513
92113
87458
36692
48388
44452
50304
42604
11575
97977
62534
6181
75222
76867
59713
10532
91330
93332
30568
50142
1950
97148
44352
69913
14901
17526
87601
21016
79362
93740
86399
66962
1264
78968
31647
98895
91228
12096
10195
61040
24332
60845
14007
10591
21400
44919
83944
84922
76441
27086
18478
58627
38145
29493
75701
68300
42858
94535
14182
23835
57886
25618
78454
53153
96568
6370
4446
24296
16916
64621
84624
42170
2732
80499
90910
56722
93661
36956
37689
39042
63821
25738
43889
35626
29952
11746
56225
74079
3393
29608
75928
78165
80788
66765
69386
2657
33917
11335
6009
53019
59760
70232
1348
52914
19620
66895
57289
28754
45045
64120
52880
89219
3456
97989
58057
56160
25924
51644
45833
93661
52287
64719
94021
84739
56842
73685
40008
67427
11294
18651
19915
68996
83069
8992
37711
49042
1836
96692
75693
98399
46290
50705
44054
19688
36811
27438
22363
44252
25179
52927
76313
17395
76305
49346
34330
49213
68734
18529
75265
1050
42215
43136
14822
61122
71755
91941
18582
76078
48892
5227
33984
83669
1180
68767
10780
13899
88161
72359
37180
31368
57463
56308
61326
9274
39271
61712
87933
65026
80773
75658
47579
4726
42968
2250
1869
8188
50145
44031
83726
37506
48874
23991
78386
67614
33352
41476
69773
87569
9530
37440
91546
45870
30588
86622
37971
45932
73517
30955
70003
40316
97113
23302
71893
98398
4606
48051
89967
77226
26960
37778
81495
70901
10639
82541
38142
66977
91705
31350
91657
82435
41381
12891
74592
43354
4409
13569
18692
87043
28973
81623
41881
91974
80964
8060
85140
39915
29109
34767
83526
42781
15284
61164
59883
43654
44664
68191
43993
3066
19736
74481
46860
90582
88324
720
84832
33303
27283
25424
91499
48171
37828
25582
61299
94031
44235
71873
58542
42476
61378
17978
67068
92791
65886
65469
13508
93268
32137
98402
43344
6231
11553
70589
51929
33564
96275
22492
6377
92824
75475
44055
56250
1666
9942
66632
58653
38637
64738
37447
36875
9893
66801
55042
39803
73869
44491
66940
39367
21510
56602
25703
37762
82398
16110
82502
65755
22649
5506
34634
23778
48114
50407
12603
42425
96771
54176
50455
55134
43684
71375
34029
72541
65621
66754
96251
5593
47179
60649
38866
57588
50354
77144
73174
4290
73070
74199
22938
67145
18609
79375
27223
95218
55319
93140
91589
82912
19300
75013
83107
40829
42101
64093
77039
62775
20660
80192
53672
91987
74533
94874
55700
9955
30837
84527
53072
30827
87345
97585
51249
89665
33439
60659
80350
40152
61431
20492
45119
26371
55595
68968
61758
44439
30953
59027
34113
55827
79883
23769
30500
10375
5552
29120
7612
85985
39674
68526
46857
80313
37473
66174
67574
4781
22437
82422
72282
47827
34058
47816
89666
71121
69177
57995
72231
12313
44764
43699
83149
27462
80043
46250
4381
77744
63009
40773
55640
91052
37576
64873
71618
2943
52940
70648
593
70267
91023
7857
23270
30434
63649
2248
65690
96564
90093
81920
65770
16727
31663
7661
4151
97935
7907
33301
24949
62573
10775
58023
32164
32963
48528
79406
52507
67728
6583
90314
8186
59189
31591
29707
31760
36088
53298
77266
9680
42000
42042
50452
33309
35270
4360
17484
82775
45008
42690
75419
75010
42151
55746
88624
40961
60128
59268
7186
51456
3056
11179
10445
18345
12307
77866
43252
32262
4866
20214
70844
13677
80888
73956
3937
75038
61137
6980
37911
68350
87566
6011
87745
59540
98595
62882
30721
51918
51947
24060
69772
43825
12307
79122
36863
31412
18692
79769
32009
65801
47688
82925
22640
51467
96474
48535
80508
87852
77975
27742
18287
47918
38175
87656
25957
67254
68703
35738
1424
87458
67623
22726
16016
89715
43306
26127
94689
2166
62508
57832
65538
75278
8464
42668
55402
49866
67309
50671
56123
74776
88175
96930
57595
50699
74535
26166
60361
19765
65288
51129
57553
13740
11098
88344
62805
74921
58531
81920
52347
99765
40937
31555
94727
22398
28387
83305
43754
36716
28323
90162
96908
4438
90154
19317
16013
97163
76764
14387
18093
20912
73645
50505
75378
16007
87288
88387
9107
79661
29833
85116
18361
80251
17994
95982
59043
6737
59720
17238
12678
79463
42473
73866
13160
67426
44780
63277
83723
2216
26678
82590
32989
58621
34690
24899
93211
61963
34541
94423
45219
18095
95030
33323
12928
63196
24010
51202
77195
87858
63028
29875
3082
79095
82694
18942
58994
52022
70627
91744
51452
48470
76144
12226
73234
7648
93072
68705
36254
32272
45608
57599
72485
46176
71574
44188
19644
17397
49312
27361
25785
29572
27386
93687
85159
56771
13801
553
79266
82494
94404
83537
70702
76524
14132
78691
55320
93530
55410
16461
6457
36136
32029
261
83834
10803
38422
69781
72408
60675
77412
40580
40973
64033
27792
37218
31465
89889
77474
2472
83745
79898
85978
85942
93902
84075
14520
7337
16900
13618
90442
72040
11918
44636
5794
2263
92525
8542
97108
32713
83571
83954
14865
77203
35690
61657
58333
77211
70061
31872
64064
76485
51629
80474
7237
64186
31494
66218
17261
34777
15249
90415
54195
90024
73355
53905
36125
66930
84710
65361
36356
28213
2933
11114
44924
50409
49593
96647
19283
7824
58675
72530
29251
89671
48729
97222
65244
48188
77268
50613
72465
19979
87441
5295
58286
25118
38087
90086
55144
94688
77013
40397
59439
38877
67382
64875
69190
39217
65295
80361
31517
8043
10889
6000
15314
99319
17925
45515
46212
56311
8138
85527
92352
79559
94027
19948
7633
26299
70896
44101
59737
90002
61620
83009
31258
55411
31428
79505
19186
2374
51442
29033
4488
42040
73564
16808
76696
31163
32080
66367
18354
34815
9720
38286
71044
48282
62851
23490
99205
96943
62800
62720
81131
36865
48058
41515
54929
42643
48821
78463
68439
4123
61735
61014
27751
44984
17179
22726
723
49316
2147
22849
40665
67670
63447
85877
58196
46048
22508
34579
85615
2776
22679
45586
7455
38381
38801
94378
35091
33176
46976
91220
49472
32899
15279
56832
40655
83631
60901
84925
51004
36632
23941
81934
26843
12422
71390
51429
53771
98803
88800
31606
58585
2261
83866
49896
31241
82825
18141
72739
91110
23715
76014
58406
52827
19937
22267
24553
81781
25436
57559
18657
69808
68989
22624
42245
74505
82113
32077
38235
34279
40533
15978
93731
95329
55425
93312
96190
94022
13234
93842
8565
98651
17824
85170
11796
53053
28922
36065
42859
44138
55878
79053
31483
96366
21751
14585
35696
68674
70924
21059
95168
25394
95101
6591
47847
35921
44618
85174
4658
81102
54894
45727
81592
5535
54479
45407
80472
86593
87062
9930
38269
21029
42413
11949
64514
74969
98922
85538
60990
1117
57866
10424
88411
27089
20827
80734
87614
77465
10426
36158
41324
91667
25120
37648
30650
13551
43511
48782
24676
23834
97644
90241
71803
42972
6562
62867
44656
82878
29859
3077
66034
4477
46012
62369
64109
75582
2737
2203
90338
1765
46933
3727
28938
11181
38933
46908
27330
68797
55966
72462
55292
84908
72391
38082
68044
73109
33979
39438
47711
13470
64082
15064
7710
6062
84679
5615
15012
35564
54396
64562
24680
12255
60122
79745
94280
1364
11041
36586
5902
88073
44641
42418
66920
97753
36433
68499
53958
66875
62220
73113
97022
17343
89660
11880
65314
66580
48326
47490
44263
90408
85134
47286
64271
89754
81610
81899
58669
3330
84729
95264
98838
86232
58371
8766
25730
91352
72496
98706
95530
90365
81384
60061
60728
26639
79628
89907
1607
34475
70628
38801
86622
2963
23036
44580
60116
81833
77648
32377
53114
3396
32726
80438
81006
90810
10628
29753
57255
96725
83718
96643
87491
70132
89580
22624
66365
23036
8466
12774
99304
58702
5190
88281
7336
56977
96947
44124
52691
1595
79846
64244
85427
47715
84972
28049
18996
51011
64622
73903
977
50423
39990
30604
41462
37214
65738
19039
89531
44934
3973
21026
34427
35536
91537
19302
53594
67781
2020
54273
8649
99076
61706
49858
89548
31156
84222
44881
37198
67649
81600
54684
8172
23936
35127
80657
68815
98665
30465
87525
45497
40589
24288
42895
74225
16910
93564
27367
69640
30680
517
9156
29319
16067
59927
31139
6238
18064
38463
54464
22038
47347
84173
99362
4843
41478
90329
22984
38152
68889
63416
29599
45210
76661
33436
71612
25712
83663
45212
97585
69666
90538
38877
83435
64168
23950
11665
44072
57979
51531
13330
68481
69154
22096
4660
51298
63886
91527
10156
11271
26938
77336
92270
7110
29828
54982
53650
57506
43123
74602
20139
67212
6185
28135
14933
37909
91135
15391
94324
11872
90974
71465
57951
65408
87178
99126
54421
33509
69411
67672
75293
31628
89385
33366
88577
29675
7829
5212
89021
92322
71400
69959
16467
11867
64170
39262
10868
33092
84195
98042
3090
15883
63356
8395
2887
43424
64726
17808
77030
5078
96088
68433
68739
5787
22130
47181
93984
18182
77524
34864
9646
40466
94763
8788
35514
18562
47113
84791
13929
5866
82391
63551
4561
2555
31857
38145
21039
78732
34599
76451
34853
89596
52311
13753
32652
34832
98940
15420
63056
18167
27604
77232
57546
68300
91214
36941
15105
80994
19565
35382
20702
87630
28665
83502
30077
56257
26925
26456
18964
90716
12806
26094
26753
58353
21285
71889
7838
33572
96615
88789
70941
11810
59900
42008
11360
75571
16768
60314
81476
50237
76389
3777
75240
62712
65078
30358
87269
64246
69046
63794
85328
82590
50858
7539
16921
58031
87943
53836
72750
92806
75984
42690
24591
51222
80038
28126
27421
2627
49105
5718
52867
78603
16889
74961
5727
72191
11911
48176
29175
95919
30469
17609
55280
1627
25995
50678
78608
33847
13959
29980
82284
58913
58552
45854
17987
65132
83841
33982
342
43084
5601
60163
44351
95714
35834
45516
86156
15095
45641
4637
76076
1567
1141
33385
84939
32878
43780
99083
44491
64159
67477
14553
20567
42485
46227
67097
79128
21494
4643
17843
42043
44277
85092
84894
29036
38321
37119
6891
70299
17469
49112
77084
9535
55087
35906
45388
43508
17634
76718
83118
84096
55241
94601
8660
93008
72393
92637
21187
72365
38521
81991
95939
74413
95441
65813
36856
25338
77834
96215
66508
7899
39641
80304
80564
31382
20007
36213
20068
95936
56975
4083
79419
22626
59605
6368
47586
15527
73351
92384
29243
21913
90173
83915
40741
14622
81702
35064
47281
65643
4039
27831
78974
99030
28624
77042
18153
37003
29692
58754
37673
51679
49734
92784
51446
5286
89039
16426
53449
71318
83542
12567
13839
10242
26174
9174
52330
40966
46292
22901
26577
86363
31020
11272
50565
80178
1506
57731
34075
16771
30468
27207
1517
55202
21306
58958
54114
6656
30909
16875
46572
57173
48097
66896
53512
85171
63242
759
63904
31286
96123
72293
58584
7286
80206
97675
45541
18433
34752
52818
10530
79825
53698
47352
75464
78834
90632
67717
87047
69431
92017
8127
12973
72022
67630
86367
59799
37196
94562
7989
20206
81820
30493
82616
33283
3459
55187
12889
79182
94110
90953
98714
1640
83546
84015
11503
56707
83263
78385
92431
38262
52362
69870
13644
75910
84237
76758
17106
74697
55562
28373
61391
37543
24803
13460
79811
62501
86048
82198
4305
1065
62206
82598
79728
13868
14613
21564
11799
29695
37774
68694
59560
28342
42814
60371
62586
43565
6891
29554
47509
31257
99128
77157
53911
49346
52374
27119
62705
71407
33266
68063
52306
94896
66598
71255
81114
63862
54940
19948
5918
4517
64561
23377
32288
71034
82715
14116
52392
67043
36737
34891
57382
86593
52837
36975
91043
81800
64368
63371
12907
86720
14586
54364
28077
61716
20344
29670
21870
10061
44529
26178
95775
41072
91045
22804
34323
497
6332
94942
74864
919
19601
53704
55483
81701
2347
34855
31523
53048
41725
27953
67706
56583
81802
3932
22195
42164
59236
55185
72356
65041
53876
28158
93979
2136
33669
94355
1044
92922
1853
93962
16447
43374
60789
10939
27782
91901
23425
32388
54480
92130
18914
77529
20934
85763
3858
7210
53379
27152
49172
48546
16655
51029
32902
99178
43380
1222
64801
5736
61257
9343
52468
34888
68978
30997
11402
62055
68472
79932
30035
61577
73844
71954
88432
75696
95590
43827
8266
37424
25891
50932
64476
63054
72197
53870
41094
84592
82806
4577
45909
6166
18010
28086
70062
3797
70750
40673
25500
93725
62101
61446
27769
73884
58721
57061
37877
40107
54671
68644
79027
18793
1018
15457
2386
32809
78460
15707
37914
95839
53063
69132
59937
95328
79224
93400
33263
68896
4274
73644
52603
6039
66454
79839
43072
33337
75402
29255
97157
82806
39670
52884
76246
81205
13287
42640
3546
9712
29707
52465
99975
87531
84834
37765
93400
44288
72140
57894
84637
9735
52798
35373
61786
33651
28229
15599
41677
64211
41548
86546
43372
22422
622
91666
82955
21564
30027
69389
61283
50528
15412
93153
49893
33291
45540
47373
69984
26579
4305
9424
99990
53299
13168
55909
17512
54325
87558
10610
97604
28566
13257
55216
81892
48919
41394
85189
85752
13396
81698
59789
73477
69399
88655
26286
21598
95642
48184
52820
76205
57580
56456
76061
6664
68530
31526
51912
58192
51932
27558
72856
4966
94761
67608
37001
93312
6829
10395
20636
51523
2510
44814
93542
16943
54153
37045
77884
31399
14808
42718
25273
10745
50923
68462
47085
6895
45584
47501
4861
89922
57814
44497
70030
26769
78541
86261
49936
9116
7371
2764
51449
49244
35504
39912
85900
86031
43867
55233
98732
96094
27747
23071
38917
82150
58574
36499
81581
5755
20505
93701
51350
87254
68615
95651
66361
805
15840
75993
80556
86755
64843
61003
49986
38931
59553
1332
73425
30166
37890
53777
8775
91452
98873
9861
68716
4268
27543
85121
3317
34558
25515
59439
88423
29864
6390
72288
59517
47788
63649
65454
37550
12273
75236
26818
22349
11502
83119
70612
76557
68390
11113
73681
24139
13400
81555
46887
87905
44133
34329
72083
58471
82949
70981
39596
90459
84539
56153
99463
19832
77978
28206
92404
14158
94360
99617
74296
56800
5950
50330
81406
11624
27857
14486
46876
14365
97902
82409
54941
99655
95591
38589
9933
75907
99666
89194
56745
66084
75568
91888
21262
510
43797
73562
31046
14660
27770
83455
3867
54910
25054
6888
42376
30856
81463
50405
44511
1419
78167
92048
30212
50889
69589
41879
57594
36919
76742
65647
74087
15415
97073
86476
87948
50126
84424
49562
67048
50574
84778
84377
89364
70681
25990
8243
17104
42753
79206
67558
31398
6542
6696
35575
84273
80488
933
40996
63930
55432
63060
78733
66935
58908
34524
79949
54395
12269
89669
29837
80407
99822
61184
63704
24640
62254
13460
7461
81751
40848
84008
9614
28068
44888
58732
69374
42088
13260
26698
40288
62601
98430
16527
77111
1296
64378
39207
34689
86901
12917
40015
35401
92070
44210
38399
85741
65890
50936
53120
77302
63074
84880
83483
41793
50418
24870
52869
44781
83221
35308
19324
49465
96598
13921
72282
74034
66970
61378
44896
92349
583
73794
14402
24515
65725
47642
32533
17136
83085
40737
20258
43883
16269
645
70684
25738
52235
76543
70085
25809
27560
6819
85732
88565
33410
29780
56907
1225
31424
39350
73824
82798
78494
97875
11070
94554
65684
84337
68989
36033
57860
66519
6252
65098
79237
11586
18416
42125
95905
37429
38753
40565
77904
71782
67964
38804
64582
4959
27503
74456
90815
78836
44729
94903
84384
21645
3465
7457
75273
82763
22934
77876
37365
63009
6485
34606
23126
73052
70355
75884
82917
61106
56739
72402
31411
61775
9054
30180
22421
86291
1099
83613
15976
459
50496
11871
74897
17511
68439
54882
63033
97095
21053
90677
88719
27959
57049
1401
62129
71031
84134
52771
74698
28968
21917
37911
10726
30922
75762
93419
46900
3007
90499
97865
86649
7032
84145
79204
28319
24802
38617
39918
74447
15981
79919
19630
15545
26451
34805
63086
79520
14381
42857
4569
56544
52146
22992
46500
75885
30677
75997
42087
71522
64236
53971
77629
68640
56839
18501
4589
93701
86514
59361
84644
41522
41774
77893
60744
14560
96106
43130
91775
49989
82793
13616
11766
6528
64975
63376
18006
44422
37811
42162
32801
50792
58597
26858
7453
75493
7133
75177
55185
22248
34240
64424
23390
23429
37667
60585
26200
85596
71498
82815
25363
35472
78528
25498
82117
64204
21175
40184
33348
54092
50365
61816
37570
8945
82886
58917
36463
89775
23529
72807
29579
53972
80287
24588
81072
6976
26367
8471
59236
80883
13935
1696
54903
30246
67954
62538
79703
72873
68039
5140
69206
57020
51092
74223
23435
65459
14255
63816
60159
35891
62157
11483
46457
76489
83673
65288
3531
42017
37059
70092
17253
45494
42998
86590
79884
48534
58218
55536
93170
24173
54601
79876
73101
84263
1448
74269
63341
16532
94019
90380
49333
82336
93914
21069
50141
40330
9517
35397
22467
3800
57461
37990
45373
64278
80300
85622
88041
93980
4297
43425
28531
66785
32345
81524
11473
87774
98900
47712
56270
21670
39341
7089
7666
82385
68935
54850
48612
78106
73983
99261
62285
81020
29069
59509
18988
29376
90923
22333
65905
6184
64164
14911
35775
72511
64934
33091
63188
23935
89131
73712
55935
86695
16139
47080
22518
15766
17246
31293
68965
92205
88727
95232
71099
54826
11152
99834
22179
68692
34459
40160
36376
41330
74496
80943
17503
81133
47559
92290
52426
36577
72966
45111
3813
28335
32980
76838
78060
12949
91344
10972
84949
37834
38724
74383
8048
40663
48731
58936
99743
16258
74536
21345
1602
31934
33918
72598
92750
29433
60008
67113
39066
39428
35366
14089
63429
72453
10389
84935
63969
20812
4062
86947
71384
6215
92542
82006
99569
69153
43028
48904
1246
68529
52299
52499
12002
66128
62431
81116
67196
65789
88541
36273
39092
2238
21539
86422
28484
58133
49166
14998
86306
19354
8829
90044
95350
65236
10298
81083
20644
28445
98048
18532
88851
65233
28738
18831
43162
21491
96867
56042
90550
58050
86177
14310
48621
73715
10449
22635
17760
23316
57375
72606
68836
9955
57254
89165
50885
69659
31836
76906
36678
45204
77417
86723
19317
64687
69219
71897
75570
8001
90510
37083
67932
66407
5662
39247
4109
17585
85507
85574
50155
50496
13370
54911
59222
70261
81145
41527
52919
65053
94968
9425
98781
66856
36950
76530
22980
89835
80244
85412
50742
89408
79621
94866
89732
72376
68741
42917
2169
56386
79642
36268
43100
6506
97854
7498
47830
64332
33826
99857
16301
83270
84936
14150
7721
82005
27457
74056
12361
53772
77245
95374
35055
47682
20035
42943
38685
92638
77417
51998
6861
11794
80514
62660
1168
39834
71657
97327
77995
61813
76893
35099
6695
31293
59588
79408
26586
26257
56405
59597
6752
21745
5991
41864
15999
79152
50167
97584
5041
17006
4722
82802
85431
63383
60988
77513
30947
26501
31052
79721
52117
65874
77731
29648
19380
85375
36604
96202
81501
78952
53651
50596
73430
66728
58040
53920
3220
582
53289
23855
57455
4977
11921
73920
79018
57946
6000
64007
94361
36068
66069
90315
72309
68716
8431
57644
70162
83284
23924
51541
86528
65595
60901
1579
98444
32816
44110
81664
49871
40026
57452
65865
25533
70049
68877
19093
35602
21592
33449
78446
87111
93383
97021
60411
35992
67029
2662
96613
76318
79926
68302
58436
99963
10047
33748
67290
39916
30178
42384
32926
64303
93434
23825
39121
50515
48644
24500
53660
98789
9601
78416
13155
74752
90813
20539
12085
86436
30720
26832
99474
46247
4729
46844
28751
74709
44918
15014
24225
44076
36711
9916
52622
90799
55685
22713
20968
56415
75245
11861
85753
6451
18654
69427
55971
6474
65472
93512
49361
96455
11482
51826
5051
2072
87767
94793
44693
2170
57922
81553
97188
55793
23579
17440
51779
49553
29085
66162
93800
29848
69847
89643
46384
98397
24922
28871
87978
8558
88301
80329
1024
48303
47652
14202
91434
13892
62678
2421
11081
5773
51740
20036
17032
46627
50585
54129
71465
97721
46535
38054
977
12316
59486
37699
52835
49063
59767
2365
67307
87435
28017
90719
49735
27445
45727
96699
3471
11265
91792
62814
86503
18191
63865
73440
92394
87317
90218
29491
27046
13218
99923
50905
4080
63909
10262
97853
39523
18349
3909
95538
50588
13787
95284
56107
87338
2619
48455
66815
63903
90455
80189
84144
53965
48551
80316
2778
72633
6462
29978
36862
13483
63127
26208
14938
22515
68376
63300
20336
55998
48786
26664
60022
92571
90805
18046
53354
73906
51329
4232
54080
97491
39160
22011
20552
7015
39232
87469
17922
80381
92596
95484
29112
81467
61227
4204
46275
21068
87982
13588
42195
23226
13380
64469
62682
44736
24340
8170
40502
53579
65544
94702
36583
64790
56878
69227
44444
6096
8257
74933
53624
45815
40487
45132
41102
24775
89704
21762
37925
8679
76989
64549
76181
43560
79183
23542
64771
38110
9758
67540
65381
30719
63114
12225
61432
78944
12278
5030
80035
67072
42218
94774
87292
87492
92350
70266
63906
12142
85116
31670
74359
46070
41328
76800
88486
21243
32803
63560
5914
6811
28932
98268
23654
66778
68388
99407
76104
54582
72903
5804
2909
21549
5314
19138
40809
32592
29469
34284
89824
82356
93931
94740
2581
6791
48431
32597
72915
72511
95707
22565
39164
63688
38153
99181
13592
14749
5667
92399
4350
87532
53441
30318
57933
3486
86670
78306
51097
94368
53713
95191
73968
81396
88753
94090
35920
79886
21484
7187
85141
30989
51473
68875
45974
90845
68645
69368
97675
11890
88146
626
34299
39503
45825
96986
38244
79571
85334
21847
66776
12064
7375
30980
9693
79229
69279
58733
78193
15143
34579
59199
19840
14624
93523
47344
18071
12357
3297
10515
97488
81647
22492
89000
44896
51351
82948
48138
21310
56504
7689
369
98886
53941
21527
16972
61605
39258
79040
35352
80322
20022
33094
82894
75369
3220
33486
63190
37162
11776
88074
1369
65127
51906
96381
43961
68268
77712
9383
10613
35671
65900
22812
72166
36339
98717
81861
26089
59735
53438
90570
86764
79995
60145
22890
58996
61066
77261
41606
43434
54861
23797
83159
89019
25337
40126
72273
46198
30096
21195
23084
12888
37604
86844
23647
18560
62696
50331
91382
5851
14808
71143
1223
83918
39075
22357
69827
1927
46990
5306
11971
43918
32837
70851
25882
37950
36799
47629
195
46028
47566
58885
51355
20425
97768
49956
47598
38945
56890
35486
75877
24852
6779
92729
30868
22100
34422
87457
36032
29671
15376
2649
11564
36436
61856
71019
79583
64276
73312
48312
3401
99270
10813
2239
68559
31936
96956
6762
70092
63263
67814
94603
53760
53933
73367
43951
34606
83317
33915
39884
12491
43020
62199
91328
32120
34181
53667
8988
46988
59207
42830
8998
18454
7415
25568
30641
53453
12638
15456
29698
67136
78971
69300
50611
5281
83479
45767
83077
23766
76332
2548
67589
24708
57216
21934
49404
76778
81201
51210
48281
56241
30744
99175
60384
73355
335
70305
51069
5993
47694
42181
78514
3833
70806
55836
13545
66246
81599
65432
5025
24210
41541
95809
87261
30090
26815
83816
21363
49437
71374
7427
32180
17101
81144
92041
45823
54564
18072
42918
99078
69962
30826
64217
99873
61440
11161
26199
66286
1041
79762
28118
84520
69988
73797
78605
91265
14134
69234
38092
94844
38338
36959
88724
12130
60548
45337
15387
52005
63860
18413
13915
11216
94592
10375
85965
79642
92871
38397
39723
74985
19856
89457
12359
53834
96652
77714
52388
75887
55535
43592
52182
39483
11722
27776
18669
41466
38860
97113
23771
23602
61211
70209
98620
44584
82912
47254
8188
58524
68014
63088
30532
33858
54797
29154
77441
21995
42017
96477
80639
59830
89840
78212
69564
24205
36904
40797
60932
95578
5256
27188
92389
33162
23206
22555
95159
51215
17217
19646
78307
80136
24582
97140
49184
13956
49190
70523
81142
80877
10201
36637
33491
12148
66775
48788
7211
20245
21662
83911
9142
88458
79908
76596
63287
37616
63725
34114
3958
67190
30326
70333
48920
37159
67104
66115
31812
65453
82844
49599
45077
69321
39638
44103
27496
37769
23195
67787
5568
78066
52893
62065
19856
84484
60144
65967
7024
71650
41145
37845
54935
10427
21261
49860
85302
18213
65561
90463
56907
31305
29836
97565
96613
13543
35569
97895
39621
73620
4066
54818
15416
21751
80142
50428
9719
10403
48843
11306
85014
3194
19644
44148
8707
73838
7654
88031
33250
46603
89972
19612
95544
27651
20164
92223
84772
29916
6818
78982
27408
41183
63732
16121
60534
20275
1971
23744
36324
56975
54190
19150
84384
39936
56988
77817
16323
73765
28214
84386
18358
17753
73446
33637
29986
62690
75612
16000
82037
53493
95983
76696
19137
55754
54304
21682
46583
18659
21145
66700
11114
23184
13378
30128
1983
64791
20624
86991
93321
95311
95393
92588
57485
55842
85718
39860
55751
13493
37344
406
78166
21844
26896
51860
46401
53543
65655
36344
12635
10171
21650
83098
96774
77593
86190
89912
39671
42730
12065
71769
65491
1326
43202
70722
18240
24949
32990
80404
51397
91326
3097
76829
74087
17407
20422
87296
49402
92101
84980
33046
93856
99824
64430
89487
39499
24950
62032
82792
95201
47689
32973
64914
39929
23421
20356
1368
24966
14428
12366
36897
60751
28652
38829
16166
45925
880
93022
75925
18572
64615
62163
94976
94257
39261
78949
36952
67733
65421
24471
10102
47411
48051
41202
70446
40540
87556
89459
947
44106
46392
92269
13400
90111
88334
48671
84394
27146
35023
28875
4712
89064
30072
12691
84961
29160
99309
93128
93798
81309
8829
39234
16850
38944
1438
90596
21935
18246
22027
89024
20220
23776
85876
70829
96628
2576
29022
56137
36179
30376
96742
1677
95635
46406
20571
52956
39900
21795
64025
47525
44033
8741
60158
50637
72001
94720
49291
96634
84593
98551
68946
12805
25694
60434
70950
71526
14392
40046
71678
8847
25857
97147
48653
84449
27514
84130
72634
11936
54735
20525
52505
84337
43338
89905
71954
18697
49665
31038
31246
64495
50282
62771
24443
76858
70043
53887
4215
70717
64535
60318
52709
52893
22146
76813
21613
18657
75958
65462
41040
49693
33394
91931
62868
47250
58427
37360
89404
54384
10547
94644
11524
78990
77831
95920
65590
22926
65999
67073
93093
7488
8043
80374
97788
60302
17758
90614
2986
32802
36181
7541
23473
2244
80430
50562
9635
38606
40176
36976
78292
64251
80759
51772
13037
584
15149
20165
37705
19216
5718
71461
45816
90610
58508
82902
30205
59482
19231
93526
65986
3810
88212
92322
5828
78597
63040
47935
9807
73576
5667
47394
9811
94396
98686
85851
34835
79756
34937
66867
44787
37442
800
93846
12997
65257
33563
23955
28554
18687
24596
61902
71654
55830
42728
66189
4387
6910
50711
16330
28096
77229
75724
45639
34018
18010
10174
13546
24257
96175
28048
82322
42949
17219
51279
5540
48057
24015
47687
21620
61343
21899
53876
68846
1716
87950
9162
62835
82064
316
17185
6747
11605
1255
35719
11080
3803
11809
72602
43098
46580
27659
45280
92939
54961
87108
5762
11057
18005
56657
15838
80920
62033
84472
99248
94624
52470
88153
18445
78239
28945
23357
21416
22654
90789
67755
22429
53806
43338
75562
20600
36738
2255
18397
86279
44486
49068
13332
44629
11368
31952
21125
76450
35151
39246
12424
42039
3885
82703
55040
47825
22617
63797
65398
10629
46579
57749
72226
64833
30412
44445
20358
19333
50179
85949
10892
14098
77704
37813
71655
81360
55736
63084
48054
33995
51582
45741
29735
89707
14225
24782
77511
31463
41246
46162
25871
11617
91905
47984
87020
75509
80831
30190
43713
13554
31432
54310
69916
21244
47497
51527
50984
27699
32142
98842
11907
48805
73615
46242
72462
68041
99527
74244
50743
48978
33239
56069
94202
57730
38610
37446
79889
8785
25722
67492
22006
63333
47562
34640
242
66962
36579
70353
77666
7038
25437
75794
23621
68064
1966
96486
28141
69901
77251
57247
50849
21621
38232
76134
1174
27200
28208
58887
23305
7357
34926
79944
86753
70385
27936
32129
80663
275
1137
86025
36496
92482
36088
17591
25848
76968
5719
97734
85996
78317
50545
47718
45086
70124
21464
9601
67219
6500
44053
13055
91211
55435
89199
807
96593
55755
30429
55055
526
83547
5945
57591
67225
98048
9191
39637
28108
33602
2153
28397
73725
13611
24284
27919
29164
78676
79112
25994
84398
51681
24991
74320
86984
37419
57455
18369
53330
19132
72277
75373
46564
89087
2569
54005
78460
81334
91366
21340
39098
93294
21834
90759
53283
35552
29528
2055
8014
65583
95932
79144
97443
88389
59079
24788
69755
46876
59294
70622
95460
95026
85212
2785
43781
25533
20692
13769
85156
98972
99203
9666
7194
7208
68003
25019
12120
98490
52523
67651
20804
58681
67085
61230
25444
27339
67025
2841
8473
52205
34554
55655
16147
56409
1594
79093
71699
89059
59607
1857
3275
84084
17528
71351
16124
54520
65582
20460
10383
75787
19445
79080
82513
81968
62395
37965
96950
11885
91312
19693
92522
96212
31483
86673
80657
5358
74406
54764
90757
72934
80761
59519
17544
84766
28873
83786
43049
75922
31366
13839
70658
95874
91818
59001
2846
41812
12131
64198
95715
10847
2344
90434
27079
74699
12656
49878
90442
33020
19185
84743
71836
48775
93932
77389
80046
15831
11519
2268
86374
14304
86682
63917
70060
3190
18953
49396
48140
9758
22865
18595
83726
77421
34341
78415
28240
27656
29361
67217
67340
81026
48044
75275
29896
22144
59432
61498
65524
79777
92065
35236
34007
34910
80184
58641
27027
84466
79124
20685
78046
73901
8402
20629
67748
13855
20810
61679
1104
90946
60024
35939
7467
85992
34921
24099
36915
5045
11072
27652
59001
57883
4506
18845
50966
42501
47562
13787
23855
3900
82415
53869
18291
56267
89083
76716
97905
42934
5595
80688
90648
84470
72671
3688
27004
99452
17403
3089
4872
36062
6355
4474
36620
98808
66052
63503
92119
3455
52510
47349
14910
1986
8653
9520
81248
27377
54543
76835
68260
96903
81331
51849
4381
36110
61575
97699
93208
2319
72300
75252
37298
67063
92575
87271
73044
31287
45241
99129
51489
5230
87801
97898
81148
688
11875
40879
24171
62973
33360
90988
39563
19440
89146
55216
15279
19168
31525
95054
13812
82554
54441
3977
60155
26313
73965
66542
4600
85588
11388
26940
97904
17340
66740
90700
39784
20499
55098
32900
63972
27655
29312
45847
82951
27960
42217
3563
48184
9777
36020
82727
1158
85298
70025
34355
19305
31062
39635
15002
93841
74991
11228
7710
19541
31782
7895
97375
96006
77687
77483
60617
68143
43235
47760
55593
48978
42184
85704
90067
3618
22860
47878
83092
5650
64859
44151
71902
69650
73391
21366
89769
13718
73004
11901
94392
24813
83987
2559
18556
77765
97227
76093
56346
45262
39043
23133
26721
64384
53292
94340
75704
56747
77181
86689
73809
10490
74598
97144
8515
50376
14968
28674
86694
19623
96705
54464
83065
30035
38087
88112
36383
59492
78077
58465
13272
34094
19446
55604
88120
98362
68596
79022
24914
26329
11694
26795
32747
98459
70666
65527
22390
88424
48480
37562
55579
92423
99230
60596
40466
2594
54908
25245
2489
99368
6629
5349
4022
50688
22475
5797
4072
66060
34548
88426
62284
43934
40296
37275
86406
41695
75287
52957
83654
29889
67695
32989
75355
39983
19913
94503
64736
94143
19829
10936
48435
64432
79148
42261
89663
8273
2448
43377
26912
68363
71379
98533
89851
24841
18639
87729
68509
20924
88741
64508
99686
39891
68147
71758
8894
61248
21775
95466
54277
5960
36909
75821
12909
22457
88169
20484
22941
50098
40128
27047
79057
80806
16176
15778
69026
62500
8717
99148
81353
14383
42102
32499
90162
65852
41008
2942
72466
13345
5695
6851
66561
4571
69981
87862
4844
40348
2974
90918
9767
52354
7284
32270
86643
8261
42392
56458
32787
16713
673
93807
61250
23109
5856
73851
87639
98862
6858
12627
30133
97719
64922
99776
57161
87371
89735
15265
58727
40050
81506
89487
43565
91992
38984
39137
72131
33951
32954
83472
39931
85510
10230
37716
74649
67658
60369
22198
4007
54130
25343
18854
21261
75555
94973
34218
92685
10810
85473
82856
39857
54515
15647
21274
14718
89730
86029
4001
39387
81628
61871
25971
32212
23535
44422
83671
35048
86147
49610
83471
44861
23964
98258
38464
81656
81379
99572
24984
54946
8681
87709
17280
27047
58287
31344
98192
49933
80335
92374
43883
47377
8204
10846
28361
98862
82575
23395
33797
22454
25944
79107
48794
63890
50875
77795
9160
52327
44967
55675
87802
81726
72281
86506
79465
13513
65976
69226
62555
34926
79704
40658
83733
46894
65580
20244
67973
86281
5766
12777
6066
65318
16481
13812
79594
79644
83911
84622
69373
74455
58412
36351
42379
49228
33400
92438
60207
89501
25616
85911
26553
29893
69557
38940
34400
70330
32407
89559
55455
38253
96403
53596
86387
56192
5066
38224
6948
48465
19206
3612
86910
85696
84230
37626
73914
80473
47340
35767
36402
81709
71375
85352
40233
23930
54686
36954
43470
17259
38298
68528
3556
27763
44549
96996
98451
93131
98443
31856
54708
67379
31622
63389
74754
20328
75352
39661
6169
52854
82176
57766
40391
10213
1862
68901
15231
79182
59693
54649
45838
9866
49769
62909
91275
5390
43090
35012
74651
23636
70199
60029
94155
60732
91521
55083
37583
60209
31521
27094
99935
25268
67657
28268
93021
71051
8787
54214
55012
27878
69031
62093
60246
1341
85426
56898
39649
25988
67407
80646
73352
53369
23039
93717
24986
12801
95797
88850
46156
80725
86749
71692
74472
70797
49027
69140
72421
97252
9441
70079
10575
72318
23070
81332
94246
4948
79901
94695
64533
17698
75417
81846
53702
26529
10843
21137
73958
24949
48430
1712
96202
53595
46127
62778
97747
95798
96096
34247
26464
88704
41100
11489
83859
40033
86667
43797
22148
60447
35325
71793
68085
68117
85065
49947
31839
87651
85091
50493
64363
9646
74474
11832
91198
78072
6723
19699
44576
77639
41928
93323
84417
5690
57374
63956
44547
92161
95825
58003
97359
44262
577
9691
58565
73365
38883
44711
26181
13513
78742
11538
5547
46090
13107
73874
1158
89041
36844
15332
72345
4281
44770
52822
70290
48329
47498
131
41127
40575
25646
52966
16757
25033
14131
80157
83215
66958
66699
77540
23419
16278
79105
18877
9636
98373
9516
73632
79770
41492
46015
10783
58119
92994
89245
26254
60780
4692
90529
44094
60716
78704
96693
57381
19410
16456
57816
24224
19882
13957
79060
95806
4812
18093
57342
18545
10769
18866
17960
11516
16375
41003
94555
70210
29297
44084
40684
81394
25642
68544
52343
57614
59487
47071
8820
53539
18530
41368
94811
78885
83779
31667
88759
26914
97803
49511
48919
78553
33883
51998
57219
39049
1570
2568
8067
90326
32765
68373
76057
64999
35932
84074
70589
13372
34695
26734
64819
99536
5764
58122
41905
94445
93069
25437
19296
27010
4630
29043
84830
67737
58333
7517
12707
84860
1039
69088
3738
34133
6637
29190
89148
9617
62912
1966
19885
10656
33695
95146
26437
41733
37218
8737
17494
49202
79085
34891
37929
31740
43721
54164
60513
77696
9384
17372
10412
93284
5470
92321
38570
16665
53171
85493
25172
82557
18745
41215
99162
80346
34922
55307
10544
32270
17825
5175
48598
99024
96056
29525
7868
37808
99836
87412
72911
40210
54902
13503
79612
32084
76732
37429
62266
64299
43775
94176
23259
62130
92070
92706
39675
82939
18826
21542
64624
88917
74197
11785
32551
24073
63825
40424
38247
57497
77326
8957
13107
59741
53120
4875
22892
10953
88053
92444
61399
74530
49967
84143
67171
3204
10745
17893
61298
24403
6877
51261
78082
33089
62816
98885
6042
93118
13088
19862
78344
19204
61862
25774
85304
43103
14871
90368
72323
87797
18200
52258
94003
78376
87969
42817
86665
79802
56542
54741
31084
40138
6978
82904
44783
80441
47776
88004
29967
64511
28765
76807
29467
2813
73033
86344
17788
46874
13592
97613
87672
27628
59066
74667
70158
25577
48957
64918
89325
31332
2844
96088
49673
57011
38162
28846
44600
86919
88687
60771
13489
78387
99085
17683
95644
59933
74868
65618
69945
94271
90301
60067
76755
31963
61970
93767
32159
10080
91341
49880
72108
14736
89731
6174
9563
3381
36542
5930
65680
87589
13187
63840
3019
7833
70110
42185
95778
700
91399
99329
66128
87355
22990
26886
27222
160
82946
10693
77615
23218
58336
52307
24927
57775
1403
63988
51201
57604
94435
23170
88777
69862
53768
89418
33821
82085
58430
97964
53589
24483
48391
32338
38003
58818
72131
12757
31497
37305
77646
33666
68999
68795
6919
40018
61426
9270
71925
40116
43379
37216
9343
36548
54974
75813
35912
22221
63182
70007
99699
29181
74373
87973
31747
74902
54655
40442
19609
25013
80578
74062
43871
63322
38788
31178
77393
96022
42890
18560
57269
64430
33293
40124
95836
28903
14350
64231
84478
86431
96233
66603
67738
78337
8567
7759
19279
93919
10434
44658
77931
38611
86136
67231
25460
91588
19904
65428
96699
87115
73909
8633
11596
32096
11545
89985
34484
88623
98921
75737
89482
43087
19949
91576
86662
83474
23712
26204
35440
86975
40142
17317
19646
42313
37469
11404
95036
59229
55525
33311
19863
81060
5040
54612
39270
16321
86364
31531
82922
4025
97331
13870
8253
72287
72522
20226
43850
81044
2812
57900
50213
77895
12323
18235
75877
66599
5969
35765
23126
56692
77065
22030
59782
29896
35316
95710
90833
57123
95671
47559
23845
57835
12484
16838
80027
19249
36078
34707
98926
69700
94554
65333
39023
80452
83475
94528
16082
23573
58420
18212
87486
81973
76967
5293
10193
52255
68659
16636
26005
14372
99628
78169
75936
51558
22021
14937
48124
59159
95581
21569
78344
44098
50216
84989
62910
43580
17001
78894
60951
128
17791
51606
77908
98204
91091
51602
27462
3079
1822
83985
98777
43537
13615
61740
27360
51553
77285
14828
89069
62552
77889
36742
17822
84252
84926
38494
94849
46097
31901
68320
74463
4769
55822
3490
18218
58133
81077
77430
7990
84003
8792
55943
8498
89209
60530
4055
61553
2663
47975
50874
89172
61129
88379
80075
53276
75114
69114
55886
69237
85474
97463
5089
28572
88648
95551
66158
32936
51295
98174
57284
15383
52993
25654
2052
96789
40495
38793
84935
50650
21477
74727
72251
26734
7323
66271
71004
66913
40607
92197
6645
13047
8944
24215
79585
56401
17055
30019
52907
30895
27113
18365
59481
75775
34541
23479
43744
98056
25344
90402
64675
94923
33543
29256
44916
18756
32910
76208
62730
15684
41895
58526
13899
11246
85867
31895
19389
41436
58051
16178
55429
7293
57760
4794
80933
98704
57967
2925
40186
90236
80886
42196
49603
73277
89312
41345
44825
92291
54837
26898
19061
58738
53361
73025
42845
5771
67262
73938
98747
93985
67763
91724
77257
85852
74633
51870
26827
85341
8309
45311
91737
53230
44960
71323
19475
65047
32422
41297
37764
41172
58908
47516
18760
12636
81329
72817
36513
36231
57497
759
25026
74103
574
29077
36453
58672
39673
33014
19458
50795
76010
20439
40492
30239
62957
33695
91259
23352
84574
34238
63184
12420
15908
71992
34918
21530
61829
23489
55624
70003
34921
25508
18029
49794
80841
23033
92033
3678
78721
45750
88796
25485
8306
95066
24855
28709
88648
2146
70271
57225
44458
93251
14581
9694
30354
71826
78742
73761
20268
18384
74156
99643
15937
44288
450
87749
57105
24847
77757
7350
21951
14560
96114
7929
46867
38832
83381
38116
83050
68408
35550
5292
28858
497
59523
20036
93238
14054
36896
23218
29583
51927
93310
16992
45176
53332
89616
38120
32625
15904
26617
12644
33077
7575
24664
50353
52853
38302
94429
96002
72576
89955
61343
84245
99776
42517
91878
47547
49445
16303
37706
24915
86473
93281
48800
234
15004
68603
52617
62391
52024
65461
56999
55577
47904
13777
61699
39913
59632
34007
81242
86533
11100
68947
2129
76448
20239
74675
16699
23459
44727
80456
69427
64795
45739
25357
37356
75939
13721
51497
73483
99974
32035
37976
50309
73052
13710
81118
37870
79910
20075
99820
38160
54650
13261
52941
6767
16566
92445
29444
17093
93731
93342
25568
4351
1711
74317
37981
2942
43418
49538
61502
54110
33712
28711
2316
59876
76123
2960
55999
3110
25004
34868
83901
58755
97295
6863
50451
69022
64985
82156
98311
6217
50801
21036
76161
4831
35374
52099
48684
72108
72406
8811
77655
57151
20334
84535
41717
2563
64960
17936
57045
94774
72297
22749
66207
49995
78903
36195
47404
53522
43343
66128
40914
97066
12354
46021
72914
55041
15047
84880
54556
83173
63350
34525
31125
15367
99024
50822
39090
74690
94373
91254
90916
72383
1531
64618
34393
63580
46161
17903
51319
87504
36592
83637
88785
92274
49161
42783
94988
93739
39218
6927
97589
7928
58839
76178
88749
61828
87568
98806
48400
92947
3104
30131
22571
49692
4900
49396
79103
66565
57807
50606
8762
94526
96078
47671
91330
98446
38093
94061
55090
96150
67242
13666
31753
65831
32637
85365
58019
8186
96156
74416
75804
79962
2763
11217
75781
1167
65467
47542
34284
23077
15747
23013
58553
35766
45630
18098
56890
42873
88310
42297
42229
18507
31435
35893
42446
12599
33752
72380
30963
58995
40895
9107
16205
91288
37719
62154
85597
88099
56033
7555
31447
86635
80915
29368
5091
7097
54073
51435
53350
21168
33523
96174
38036
68498
25800
34037
2040
94614
32239
53584
63358
11072
11496
48128
4152
63781
24766
42396
54007
7881
81922
21966
1993
34973
82767
16635
52089
74190
7452
41289
72687
21756
79010
45912
79128
88677
28264
95763
17831
75138
98800
32872
23197
98903
46440
6543
2196
12885
33141
51024
60787
35165
72464
84331
44899
86617
51368
84518
48065
23245
53760
11990
57443
40546
95633
80923
35912
22729
59548
19600
33040
5994
51371
60786
98286
71338
97620
96226
63972
45061
36066
98786
58928
20769
21161
62894
63746
35974
9289
67977
88077
13340
92796
2759
24842
91372
12715
98470
74616
41946
12542
88938
49003
60877
45265
89906
10920
68728
13674
87270
96282
3712
64654
37658
98718
26580
52998
35265
11087
65690
80688
25070
5217
90668
47734
66580
30781
21574
52440
59115
4458
31145
90179
91496
19492
72903
15029
97045
97732
63136
6350
53053
13011
73912
91771
39973
11040
57794
50796
65666
29598
36545
77864
54676
17477
47110
98895
2293
72997
32868
92204
92172
15535
65389
51653
28822
48924
27669
93420
9554
85469
18059
47710
53123
58061
44243
44996
40099
17179
29164
461
29750
15845
31508
28421
51026
53884
52652
39192
96714
17657
48430
35867
39500
99341
96601
18326
41176
20084
87054
52603
28206
80855
55671
84946
69414
64086
12826
85860
88932
32861
51615
55086
22678
26784
22910
44058
49989
27951
22436
25471
31573
70740
2217
48678
19730
87864
81508
32653
20401
26067
94000
11032
9022
72224
18189
87148
89213
83946
15263
18388
33532
65131
91541
34545
77107
90739
17972
71193
49520
51122
11995
19422
548
86421
58121
37676
84176
89973
78982
97872
89351
34709
7244
27317
28661
51467
1527
31392
84148
14412
1624
59804
10961
19115
75643
36956
6073
45094
34034
62936
38737
82361
38648
17974
39022
89285
89181
69654
81090
14043
17096
49595
79914
5915
86980
21818
35475
85762
98574
49172
22763
71844
8434
87143
71325
95164
43777
37363
19240
76492
32131
72834
14547
21620
30669
36480
16384
98078
9406
16452
55478
17950
25723
29216
31517
41703
50366
31970
55985
53906
95856
62748
14220
37394
66188
52183
87239
47967
9685
42571
79987
82338
65788
46485
7898
62102
85403
8240
76212
8834
92103
35409
41344
4669
69622
40800
39934
17143
70098
18329
34389
88722
30560
56681
36944
22394
43625
87197
43268
86758
28849
44181
23820
24385
90829
68389
86308
23204
1757
11163
36534
92767
35607
26940
89150
50081
48903
99960
89709
16308
6565
80928
69494
97846
13220
60683
82595
91989
42345
48138
23893
33665
51160
36815
99475
96174
69094
50383
98407
33240
82955
82196
4281
61950
2880
2704
6805
7944
60913
19187
15765
86027
16868
38040
27742
11109
86253
71268
44995
68930
31077
29850
55608
200
89933
72139
79073
48994
95992
90800
19338
5318
23278
82603
55167
91354
90830
99176
76771
69005
96668
1943
53817
13560
56026
15170
62760
19143
27729
21073
84052
80776
54263
61998
67908
37658
13684
75666
79352
6450
96999
58993
55023
22578
56137
15296
7213
16593
68751
449
3297
89925
3303
41400
32588
54208
46629
36846
92989
54457
57224
54544
68902
43559
90956
49991
12275
83864
17864
55124
96415
13915
84519
97656
92980
75165
94406
75332
89324
54139
75436
81792
19200
46860
1778
8648
35572
51949
80588
73612
28393
98689
80738
31986
2916
4551
92322
76715
32529
72532
50050
12315
87192
85623
76538
92795
32633
34817
76695
84239
21419
89096
46639
29955
82787
98833
92479
47877
97174
28525
37423
25226
67674
4258
16037
97541
23088
89147
92137
84423
74445
95944
27292
53667
56860
86608
47108
62544
6557
50527
36419
83736
11754
47294
87469
31502
76658
60131
51870
46427
11747
44272
44561
31849
62977
9262
69003
7212
96068
77294
7049
3863
67032
48789
12896
41476
19292
71746
47999
38580
92210
25259
43340
92921
62853
5723
2243
11289
4682
48304
74874
61952
60641
85296
74290
98667
76833
64618
67318
31924
6375
81703
37395
51473
76657
20231
20948
26922
40677
54380
88482
25984
25566
28478
1301
22977
25198
31122
9177
22553
16176
64247
93529
31027
31658
33723
78758
15690
91708
48015
66550
27099
55275
80381
76473
52227
65878
75649
42958
85203
3258
15081
29769
84986
11617
33434
65953
48635
52017
9710
17265
48203
36295
93841
57560
89901
99712
35808
35590
43603
77578
5156
32440
12541
8667
22519
44637
62358
20284
91908
67150
41493
50651
76768
38263
46801
29464
68432
91073
59796
9484
75929
77557
4690
4916
19923
19425
69016
39574
13733
75608
83034
87922
89232
17837
42297
97702
27974
92753
57113
85981
14324
20505
69989
26929
74929
93448
98572
16119
11722
49443
97839
2668
56931
74419
82239
84827
64576
57798
38647
60476
26251
92210
12142
63026
83543
21412
51402
25156
56173
42869
6344
63025
38075
18692
90031
39072
33470
85932
85317
21225
14880
71414
66781
79747
57789
26579
76257
74430
48038
28494
93742
3940
27207
67582
31426
84091
46992
70655
32446
38676
78289
72768
62191
5308
23635
36404
25471
120
32409
25343
81764
39528
27804
28158
52795
71812
99744
69925
85820
15053
49350
99067
88662
76455
96234
8722
68311
41529
93736
98980
8549
44056
94905
65459
64183
63468
24364
47254
95950
57868
99864
19362
62920
48530
35741
52752
12194
72580
74198
20013
90773
54573
83435
47866
61512
5630
40920
87097
52594
72248
53356
79057
94823
92391
76370
94767
76454
12499
96103
18096
29556
38427
65742
95825
8994
88940
19572
55255
99089
91154
63079
75355
494
79594
80295
91534
32047
80193
6808
40179
93692
79061
95676
54079
85587
91802
25671
82469
47670
81245
6443
13360
35617
68160
38475
5295
10315
53265
71433
84842
8241
13183
25474
34724
80951
11673
41637
53289
637
28316
45480
68186
1484
36701
8475
45384
67897
30132
45674
65176
37375
8651
59128
52284
46485
99645
64057
82204
88221
95609
53014
37002
97637
74862
39679
2388
50995
50859
90436
15030
7480
42713
38960
88993
37579
56961
99979
43315
95004
10968
93319
76538
40789
79314
73060
19986
30347
94734
93013
77918
51630
50111
33816
58085
72270
73900
95920
79004
65382
28828
60877
15000
85458
63797
2740
65475
3418
5043
84782
13358
47222
39182
82043
60283
76432
72859
51550
60997
91463
1880
81171
7416
39955
18938
62462
50093
23461
92193
96043
30016
82952
8402
75326
7608
40567
86473
74272
46808
64525
41349
98885
9761
90347
13350
14846
94824
4185
82552
23525
73580
67173
35546
79967
25428
57721
20190
26351
73827
64021
45935
20248
39786
82823
29304
2111
37346
89246
99048
73575
68825
68806
29120
32815
80096
84700
16480
41423
53670
70402
12921
37759
90055
28505
71797
90012
58901
11858
21429
6824
86043
35386
87329
50654
55923
6399
28174
13348
41393
26304
88720
55321
16301
30595
82599
13335
77746
52737
10370
71453
93152
99445
25987
5005
91690
29171
84772
11616
21438
91005
87097
41129
42763
67076
69980
76062
30368
48154
5980
53618
8949
69960
5463
91357
74376
69850
41386
33295
11569
72755
42811
84093
14112
12179
19276
80473
39632
87199
69056
68468
64575
72983
76818
49347
21363
10422
70088
77265
61384
35978
81645
94141
12563
93537
76571
79440
26075
85937
12258
56295
22920
71195
74977
40626
84550
52110
71304
2420
54493
53824
67992
8367
25453
13350
37969
95824
27636
43580
72565
23920
43091
87955
79530
31941
85795
25937
47833
32519
95846
32797
15281
45827
99974
45474
82708
25820
82148
47475
47431
39565
32080
31712
486
39054
29039
44022
11862
15989
77227
15366
95639
69853
13202
64345
73895
25628
76368
50106
97945
80375
9730
83127
57529
30858
96548
88955
7022
30805
5100
11624
40034
85571
41514
51375
16927
74814
91747
1052
66149
97023
50025
34399
93584
65551
46535
9991
98835
30413
81730
85420
50300
7409
55696
39144
11267
23477
76206
7643
89388
97986
21905
52834
10521
11681
82073
48347
7377
40652
39115
13129
91910
37110
51645
85048
70938
19829
86856
50184
86199
33001
11188
40873
70852
43657
36767
21561
45663
22607
27196
21004
24714
84977
31808
11169
93821
83655
21071
16000
91421
58497
22900
40445
18889
92475
33266
50528
4942
85532
27548
99860
49636
22532
5546
83238
61299
75795
19168
33863
18973
19555
44314
47181
65799
44454
38232
30403
61008
60563
88949
40176
11089
33912
49806
76471
98714
73394
34902
70371
29804
77615
60930
1807
84442
44799
38870
52196
33626
48308
11275
83082
89463
31336
24478
13757
35705
95494
44511
38377
9885
34899
31168
76637
6101
91182
411
28659
81063
38440
77372
30778
55203
37616
82665
76204
70107
23451
84670
58532
73300
62872
67034
59393
12436
72255
90051
41586
4794
6480
45366
24752
34352
94358
79282
18895
45262
68248
12408
65660
20609
45359
30336
82469
76955
9736
6805
45409
74302
84298
53144
66822
51161
59500
13754
86200
38644
53692
39736
89377
83974
10955
45351
54765
92040
51793
89509
42089
97682
53617
50514
35455
58702
27439
90648
62319
94661
12257
36915
81775
82148
13694
52157
32538
5164
8737
14416
83802
64088
19250
54000
71311
77342
92783
50601
6497
13053
32655
18361
6331
69775
61416
51401
60849
65595
12401
39045
32829
96028
12844
90519
31274
70365
34151
56152
59429
15249
48477
5756
31415
76543
92590
78463
64752
28201
12834
56714
41818
99766
59451
34753
82824
16483
79044
18089
10801
37186
53569
7100
6638
73413
18778
71712
80779
46730
32163
76142
94091
30451
82993
37778
8518
64451
86327
42358
68867
7495
9924
25610
23708
99941
1024
81690
63574
78578
95982
5266
17826
44501
4768
9479
52019
66015
73582
96025
10943
84095
73500
49264
72554
76203
7326
40287
89962
51861
583
92551
29467
49532
44227
11758
91017
69591
19568
77321
24837
65652
55118
34811
63743
52899
13207
28603
70643
71472
55702
66528
95177
94946
19826
24661
56868
23397
98746
21669
13470
81103
25937
56260
22808
9892
38234
15003
99919
22384
81908
23794
67588
54929
57474
25548
21967
44358
4451
37020
3738
21086
51682
47707
4900
37910
76176
3744
22945
81682
95881
78035
66757
95417
95633
43528
18402
14580
29723
54328
64498
98148
8303
2996
60473
324
30395
79007
92737
55284
72335
56055
61526
64300
58834
67144
31586
34058
77383
45753
19809
74340
1168
38860
12902
99807
42591
72646
66768
4929
25009
62151
80402
21172
56875
49839
36925
5272
64426
57753
82530
52865
22528
20781
37709
99603
64225
14782
7973
46069
69543
60874
95503
13841
90442
28626
38743
60122
43828
88767
67093
65144
15727
33200
87924
50341
88521
76965
29722
16810
60167
11372
9635
86301
4011
91752
82745
16679
39725
27771
81626
12143
31416
84608
12273
86902
55369
96876
93104
66258
26506
79986
24935
54680
99187
43919
34758
69654
2079
71509
99452
68960
95220
75820
82225
95259
345
66188
66294
87051
82835
57477
20542
87235
70503
6882
35506
64637
46590
48660
7598
34522
61493
7929
34745
62875
47468
14386
28339
77573
45119
75875
27800
16324
37362
92676
28082
96895
11907
49976
17039
26022
92758
42933
86924
28463
75182
34271
53527
5311
69446
47435
13873
17708
8478
47073
36681
38086
41435
4094
92855
72796
42837
92437
52956
64710
841
62398
10031
93431
84143
91417
50546
92986
56754
32628
67476
95058
43619
68753
89625
3689
56214
36366
45748
96452
74739
71294
44827
91995
53810
51829
29538
34137
34580
87276
81206
55422
76559
94034
35681
20631
30578
80553
2718
10541
5432
96705
92567
1256
92953
15566
96246
40874
59490
91346
98643
12322
90588
92828
46647
46880
53972
12353
59711
48115
27552
92409
2802
47224
87753
73672
91848
885
32939
54127
49476
26649
67559
5056
40332
789
6869
69094
65525
93192
13590
27489
7750
44784
39024
7298
81520
25202
31711
75116
22811
76562
61545
58213
3844
2728
75156
29548
15937
28353
80524
89366
31415
84888
74508
5152
36981
81747
19061
23363
21458
48264
54759
28939
14725
2498
52796
61596
74295
43032
28113
70922
28708
82113
29708
79623
90872
46227
29431
28534
94955
21960
88471
48899
9072
11603
30480
50847
12413
50704
30421
53848
10991
73292
1393
48189
24059
83255
51957
91764
75466
42478
62599
62774
49456
66189
65795
86242
54020
10739
88349
5915
24137
21485
50345
93540
15187
30385
11969
43399
62985
893
42294
50451
4831
72535
67061
87755
47021
23205
12884
90175
30425
89215
60725
27593
54208
74806
29781
70194
73191
58843
41339
35616
99253
76739
13104
71569
72688
38133
40204
99645
89358
70794
73003
13633
96992
95147
32395
49042
29561
71974
34388
55316
61558
95293
46149
75872
79191
68570
52403
53776
27530
92827
7359
44203
1360
94538
73052
8781
66136
96526
91383
22359
74715
75685
50759
98927
60581
83705
75206
70762
39940
1383
69496
52387
65129
24650
62491
21205
12228
80884
30608
78638
67934
14787
52546
44216
18654
81940
96951
92184
93150
29096
48813
41706
12232
66821
98354
23318
96339
46917
98863
19410
39127
97423
74554
95498
43925
57974
7813
92519
19865
92754
64828
33567
68934
43015
50302
54699
43003
47535
56674
65324
78753
57078
32044
9104
30541
21007
34401
67363
79507
87458
50758
87059
86863
114
6163
12121
98480
62622
55294
92612
62083
86022
15851
52689
93349
28119
69260
1671
77665
33831
72538
49935
81013
84598
98093
12723
41353
33739
18377
16892
51350
35867
51272
58276
39178
20280
39924
36288
9577
55875
68952
99717
15142
64012
4676
44464
22102
31444
28874
59163
21432
55919
65962
70516
53269
56576
13798
62581
93009
13326
68639
89087
3294
78373
68995
76494
81942
19620
41191
57392
20614
917
31537
38829
71185
7081
61757
23693
35645
56177
75346
98131
36020
99031
29444
18333
61669
33189
58384
78742
79462
87268
16933
57776
13913
57122
10049
5719
72177
63082
22394
88777
52091
4960
21878
83806
45864
5709
395
11080
97847
8452
31875
57513
43231
63911
89538
43104
83896
3700
53911
88897
45598
24927
82464
75499
58388
7360
4451
79382
16001
46560
68493
58583
47300
19853
75435
38355
96164
75959
88580
80244
66177
83021
18112
85580
81857
89077
92763
72722
82511
83119
73470
30574
11600
11306
51949
35466
82756
74188
87033
9624
82370
6231
69205
32503
70700
41935
41888
1115
21276
43977
88062
57110
7596
12703
50986
92459
53734
4876
3363
92928
10314
44037
65564
36259
66380
31643
21615
41512
11710
17063
14822
18350
23525
82895
70899
48605
36342
62104
67441
31608
20530
3433
76190
2042
51225
7825
52275
5271
75967
83332
5814
98931
5115
32267
41241
71530
4340
81697
47829
12201
71633
33753
45080
92829
53042
93653
72551
2939
95903
1960
79202
98406
60536
33503
4375
39298
32897
27610
28051
41973
76106
12544
27468
35173
70114
16247
5526
18889
35560
39794
43675
5213
84883
21336
98213
13368
60281
67070
72723
80700
26662
71612
62743
41448
21183
60214
25992
33318
44476
30384
35051
67023
12242
43561
26781
41876
80411
6442
21273
71851
99962
64420
74711
52095
86355
28356
33293
41568
34446
47936
92913
82001
85536
20056
13426
79902
7091
35380
98904
88826
4193
68107
10723
12057
82291
95654
42926
36420
70317
91980
10528
55267
84426
31481
4229
20111
45329
3248
26199
34182
73861
62274
26687
88154
44336
771
82281
58904
34374
71963
4118
89346
46311
76194
37906
37187
78587
65062
15857
71367
72878
47922
22269
52492
37384
28432
13682
58182
17898
99373
26834
6466
25025
90788
