-2217
-9839
-7583
-8842
-4516
-5458
1119
-1930
-7116
-8511
-6419
-9291
-2527
-2002
-608
-1275
-6342
-7647
-3456
-6
-491
-3341
-9991
-6779
-5164
-1718
-9647
766
-7355
1874
-4768
1290
-6905
176
1191
-1782
-6976
2124
-4612
2893
2848
-5388
-7259
156
-3593
-5423
-3559
-4082
-5124
1563
2135
2960
-5509
-5625
1299
-6269
-1521
-8688
-3051
-680
736
-544
-375
-5287
1892
891
-1627
1255
2133
-8266
-7525
1732
-654
-2534
564
-7899
-4854
-6364
-2883
-2356
-4778
-3257
-1577
-9688
-4185
-4156
-6760
-7723
-9204
-8657
-758
-3824
-1114
-1166
-2079
477
861
-4664
-4415
-1480
2028
-34
-2508
-3209
-5765
-3853
-2017
-3819
-6282
-1140
298
-3186
-9173
-1620
539
-7900
-7752
-3477
2789
-2674
-4502
-8578
-2890
-3543
-3785
-5974
-14
-363
-7952
-469
1924
-8468
-9285
-4039
-9912
816
585
-2425
-9709
2580
-8586
-7578
-7320
2891
-1228
2856
2078
1375
1113
-8163
-1740
-9333
-6779
-2995
-8067
-4481
-9752
-1192
-7420
-369
-7540
-5890
-1112
-2304
1476
-4171
-1615
-7749
-6664
-5236
-7930
-6461
-136
-8938
302
1567
-1561
-6303
2547
-4522
-1616
-9523
-5495
-7233
-4868
-7189
-1720
-3347
-4740
-2532
1428
2022
-2297
-7143
-158
-3839
-640
-3953
-8698
1403
-9923
-3892
2593
-5646
-381
-1459
-5047
1373
-7830
-1585
-7502
-280
2423
-6714
-8647
-7205
2640
-8626
-2261
2209
-3586
-4347
-8046
376
-3059
2707
-3197
-7885
-6626
-2372
-9645
-3128
1256
-7040
-5556
-6021
-5857
-7859
-3139
-6682
-1280
-4429
-6742
-8374
1079
1594
-8445
-1328
638
-971
-50
-3591
-4073
356
2002
-9425
-4424
-6199
-5500
-4369
2147
-1778
-2804
-8294
-7778
-6176
-2504
-8128
-771
1237
-2225
-5328
-3969
-6565
1463
-4674
-3807
-3171
-5397
1743
-5607
-1327
2359
-8126
2167
-6997
-1728
-5966
2364
-8349
-378
1667
-3944
-194
-112
-2150
2160
-4612
345
-7625
-2500
1440
365
-7665
1342
772
-2137
-9251
-1277
-8476
-573
1032
550
-3366
-1987
-8017
-2185
-7777
-5531
222
-6299
-658
-3190
-3164
1700
2963
-4831
310
-154
-1449
-5301
-5369
-124
-2904
-2608
1180
-6564
-1065
2597
-3283
-1893
-69
-6930
-7584
-5338
-3031
-4756
-517
-9252
-2142
-5521
-3276
-5857
-2283
-1365
2684
-3390
1549
-9736
-3376
-6336
-7247
-8092
531
1284
-2526
370
2000
-6742
-4377
-8005
-163
-1966
-2923
-913
-5220
-3388
923
-6936
-2890
-6586
2158
-8437
-4352
-640
-4059
-1090
1502
2949
-1032
-6194
-2919
-4863
671
-7913
-744
2699
-2589
-6900
-7979
-9863
-2016
-8332
-2752
804
1665
1672
-4635
-5418
-1041
-4473
2378
-9132
-5634
-4281
-9314
-8892
-6869
555
-3082
2821
-1030
-1491
-891
-7192
-7050
-7540
-2458
2820
-9076
-9830
-5811
-5495
-6700
-5021
2941
-8873
-4725
-674
-8535
-3393
-3319
-2035
-6538
-9977
-8991
59
172
-6850
-8317
-3587
-6427
-5576
-2216
852
-8593
-2943
852
-4944
-2320
-3968
-5979
886
-7721
-1159
-2522
-9306
-6640
904
-2243
2257
-326
1557
-6698
-8659
-630
-9033
-725
-2832
-8625
265
515
2714
-3304
1158
-1733
-2892
612
728
2505
-6471
-9045
-3717
-866
-8379
-7383
766
-6471
-6868
-8654
-1914
-2663
-5847
-2514
-5215
-9891
-4713
542
499
-9489
2214
1568
-5686
-2510
-3187
-5868
2695
-9488
-4606
2110
-7672
-5265
-5536
837
-5310
1323
-1824
1357
-933
-8075
-3274
-1582
-9891
-1831
1785
-8896
-9475
-5903
-2286
-7486
-4356
2929
-6787
-3339
-5705
2010
-2736
-4599
-4066
-7821
-9330
-7918
-6617
-1043
656
-3774
-2286
-2704
1368
-5480
-7650
806
-4085
-1001
2907
2361
-9160
-5545
897
-5650
-1535
2406
-6307
1778
-7898
-4643
-5651
-761
1431
-5691
-9724
-1142
-105
-858
725
-9575
-1528
-1121
-1423
-724
-8848
-3000
-6208
-5977
-6887
1667
-9621
2597
-7703
-7708
1389
1549
-5200
-8957
-3136
-4462
-6847
-1300
1914
-5680
-8242
2799
496
-8968
1469
2165
-1839
-349
-7288
-474
-5369
-6115
-4978
1014
-5537
-2944
-2356
-2580
2184
-2430
658
-3067
-339
48
-5662
-5087
-6078
-137
-6390
-9114
-3690
1567
-2641
463
-5869
-8383
-2296
2365
-5369
227
-4197
-8834
-6357
2012
-8857
-496
-6085
-2276
-4388
-5623
-5045
1381
-7908
-776
368
-6177
-5345
-7088
-8070
-5896
-1087
1023
-7654
907
-1291
-4239
-7952
-871
-6288
856
-6251
-6849
564
-3117
-9126
-3681
-3437
-1637
-7460
-1357
-2662
-8277
-2865
-9201
-6110
447
-2879
-4952
-1543
-1189
-4389
-4720
-1417
219
-6574
-8490
-8957
-4693
-6350
-6879
2633
-1806
-3572
1544
-8464
698
-9650
-8491
-9042
-6356
-7710
-7429
-1977
2481
-8559
-4561
-8861
-9164
-4401
-3332
-7689
-9616
-9811
-6519
-3759
534
-8701
432
-5857
-1714
-118
-4680
-2651
-5641
-7579
-3564
-6937
2739
629
-6741
-6524
-3227
-4146
-3599
-2973
-7984
-5860
-7354
-4821
2828
-1242
2731
1284
-1706
-4442
-1353
-5955
-7407
-7208
-597
1285
-6933
355
12
-1174
-8690
794
-8195
-8961
-1901
-4094
-8348
-6227
-1534
-6370
-2730
-1184
2675
-1851
-8471
-1584
-9792
-6215
-2616
-2483
1386
-2857
-126
-2046
-4111
-6575
-7752
-5639
970
-8175
-2529
-8821
2351
-1120
-3891
-6661
-2921
-1696
-6202
-8053
-6878
-6787
-3459
-4070
-4030
-8773
-6640
-953
-5097
-868
-5567
-843
-5498
-5607
1505
-5485
513
-2618
517
-2411
-187
-6419
85
-3027
1223
-9672
-1136
-8241
-7693
514
-4490
-531
2670
-2064
-5547
-4413
-3799
559
-5897
-4304
1307
-2287
-2727
505
-3118
-2942
-7352
1835
-3924
-5485
-3471
879
2268
-9416
-2685
-1622
-7222
-3933
-5968
-5945
-3476
-7664
-6022
-5667
-4709
-9541
2594
-3262
-475
-7674
-6870
300
1764
-3215
1044
-6774
-884
-6161
-6298
1741
-3234
928
-3035
-7280
323
-6434
1909
-2577
-7745
797
-5614
2055
-6902
-5913
-930
-4471
566
-213
1009
-51
-1739
-1637
-5152
-5935
-2853
-4675
781
-3409
-3193
-9785
2160
-5375
-3219
-7155
-1826
-333
752
-4430
-1446
-9880
-638
-7349
-8940
675
-2325
-3001
-455
1900
-1788
1030
-8245
-8045
-8091
-4479
-998
-4988
2413
-3194
2562
-453
1085
-5090
-9596
2180
1276
-8430
2309
-5083
1454
2769
2530
-8810
-3363
-8028
-2078
-4873
141
105
-6585
-319
1322
-8575
-4935
-9277
332
806
-1854
-4331
-585
-4144
-1903
-6563
-2170
-8428
1685
2682
279
1092
-118
-358
-5796
-5811
-9519
-4369
-4291
-5930
-4508
2029
-8622
1963
-9986
-5231
-6028
-5437
1444
-9497
-1088
-9041
-3231
-7321
2960
-7467
1198
-2654
-9194
-5112
-5199
-5444
-401
-6067
-638
-8417
-795
-9694
1897
-3446
-291
-525
-8041
-1597
862
-9972
-3439
-8389
-9706
252
-5760
-933
2924
-4001
-1417
-7266
-5820
1295
-9329
-9489
-521
-3130
-9775
-8349
-9931
-8919
-8707
-428
-3235
911
-3014
-2372
-2750
-8365
-3029
-3693
-2945
-3296
-6438
-3959
-1118
370
-9831
-8848
-4229
-5696
-4907
2483
-5235
-7265
-7093
-9313
-1230
-3227
-8137
-6944
-6581
-6197
206
-9895
1371
-3969
184
-3793
-8103
-6339
516
-7206
-2730
-7607
1308
-8349
1019
-9013
-7050
-7805
-2935
-2309
-9453
1807
-244
668
-4832
-5440
-7500
-3005
-8722
-1408
-7344
351
-5015
-1892
-2142
-3131
1127
-5888
-4347
-603
-2407
1501
-1163
-3737
-8984
-3053
-3649
-9640
1447
-1164
-8538
-8586
-103
-7622
-4633
612
-1066
-9441
2303
-9557
-938
-4639
-4834
-3021
1045
-848
-9363
-691
-4802
-9335
-8900
1034
-8326
-760
-5238
-8104
-3550
-6119
-3227
-3623
2992
-5107
-105
-9107
-1127
-3230
-6246
1853
562
86
-6837
-416
-2081
-879
-5169
-9770
-3703
-1797
-7732
-2905
-1837
-9767
-2071
-2794
-5973
1079
-2373
-7688
1769
1075
2544
-182
2268
-2266
-2938
-6735
1011
-5848
-3928
2273
509
-2414
-5211
-6869
-1378
-4965
-8848
987
-7243
-5215
-7509
-1235
-3616
-1271
-1343
-6729
-687
-5591
-7702
-6210
2059
-5826
-9461
-4312
1381
702
2240
1936
-5257
-2340
-5687
-5169
-6293
1343
-6927
-6478
-8506
-9039
-5122
-1124
-5696
38
-2078
-8295
-7697
-392
1141
-3381
230
494
2045
979
2524
-7947
307
1077
2911
-2034
-2321
-2671
1366
-3257
-6039
1592
-4301
-3994
-6949
-5648
-8213
-8182
2552
-6603
705
2576
-8122
-6555
-8369
1598
-3626
1395
1404
-768
1455
2967
981
-4602
2999
-1481
-2931
-8556
-413
1727
598
-4379
-4675
-4737
-2079
-2100
-3376
-1592
-9450
2184
2402
-8882
2532
2850
-9688
-2021
-1748
-3983
-6213
2867
-5740
-3107
-5740
95
-2950
-8612
2613
-9329
-112
-5890
1895
-6538
-4103
-5289
-4600
-7294
-2625
-1227
1570
-406
1662
-1876
2079
-2394
-8719
-3608
1231
872
372
-9561
-5066
-4162
-6390
-7638
-6205
-9112
-5089
-7086
-7947
-1963
-2974
696
-3843
-2591
352
57
-9101
-3212
-1128
-3583
-7068
-2546
2601
-6902
-6760
-5256
-8112
-4387
1176
-4022
-527
-1012
1198
-654
-6835
2250
-9425
-1959
-3229
-7918
2499
1518
-534
-1638
1290
-9556
-4505
293
-9220
-4354
-1568
803
-1111
-1860
-8965
1865
-7964
-7082
-6865
-5345
171
2591
-9315
-9212
-9454
-7795
-4583
-8253
-3909
-147
-765
2929
-6866
-6201
-174
-7379
-9244
-5863
1507
-4175
-8251
-5830
-3328
134
-1879
-1797
-727
1322
1078
1547
1064
-9441
-9685
2421
-5026
-3258
-9130
-2725
-2217
-4138
-1845
-3878
-3961
-2360
-2550
-8297
-7759
-9358
-5823
-7505
-1658
-3612
2131
-898
-3187
-7725
-9434
-1359
-5781
-7375
-3513
-9195
1851
-4639
-6850
-8084
1932
2776
-8594
-6625
-5995
-2697
-5117
-373
-4917
2633
-9542
-2129
-330
-9264
-4710
-9292
-2851
-6028
-2672
-1664
-9867
2985
-4538
-2318
-4019
-8751
-8219
-7196
-9017
2841
1831
1064
-3172
-7278
-1611
696
-1144
339
-5497
-5766
-604
962
-3695
-1651
-4004
-2404
-2154
-7495
-5429
-2275
1692
-7120
-6208
-9487
931
-3036
2572
-3253
1608
-7334
-9616
-7123
1156
-7487
-1874
-4728
-4191
-2137
-4151
-3235
-2924
-5843
2737
2099
-8718
-3110
-2535
1159
-3793
-3564
2083
-2150
1205
-8031
1941
-7812
-2590
-1348
2383
-3213
-2985
-3105
2109
1616
-517
-4970
-4952
725
-366
-1739
-3235
-3409
2429
-5068
-7771
2879
-6887
882
-1423
-4313
-5422
-6685
-7137
-483
-534
-8058
-53
-8538
-1321
-3631
-7374
2724
-9965
-6054
-7901
-8703
-2796
-6614
-8012
-8285
-6971
-3282
-1308
-4899
-8058
2469
-283
-8141
2827
696
-9713
-3045
-5120
938
-641
2517
-9354
-5169
-8203
2031
-9104
1570
-9312
674
-7471
2036
-9749
-2525
-9855
-6283
2248
-5984
2512
-7836
-4536
2851
-9804
2777
-8404
-7489
-4516
-6064
506
-8067
-9188
-7254
-7741
2255
-8961
-5747
-9511
-5717
-9562
-2432
-4114
-9489
-2208
2162
-7092
-9913
-4509
-9827
2796
-1874
-275
-5785
682
-3321
-3988
-5231
-9626
-8696
-9963
-5614
2632
-7995
-9108
195
1760
-9787
516
-1186
-3481
-7978
-332
-9215
-7190
-1650
1874
1803
2175
-2106
1722
1897
-5654
568
-5756
-1114
477
-5772
2937
-3970
-4974
1332
1497
-8518
2200
-865
-1979
-2957
-3876
-623
-9716
-6441
-9531
-6411
-3278
-6209
740
-618
-3259
-7690
-7983
-2441
-4663
-2805
-9046
-1903
-1611
-681
-811
305
2682
1145
-6647
1548
-947
-2857
-5892
-1333
-4119
1322
1893
-1669
-9971
2942
1790
-8254
-2328
-3047
-7923
-4083
-4323
-985
-5727
-6757
-6294
-1938
-8132
-7567
-3878
-735
488
2160
2427
-1961
-8761
-5439
2522
-4223
-7657
-9528
-7111
-9523
-7908
-3132
-1849
-8367
-5320
1480
-9458
378
1860
-5318
808
1728
-7239
-7089
-5432
2970
554
-4515
-4687
-756
-2855
-1019
-2924
923
18
-451
2426
-5846
-9173
-4389
-9680
-3568
1668
-5256
-6999
-4250
-8960
1741
-3153
-4521
-5676
-8338
-5907
1282
-8491
-3252
-4829
458
-5575
-1122
-8188
-4071
112
-1081
-7797
-2129
2611
-1716
2736
-5918
-8243
2003
-4957
2286
2857
2590
2506
-3771
-4132
-6041
2295
-5116
-5855
-5216
996
-6331
-9314
-5014
-7161
-1422
-4871
679
-9304
-9479
1587
-8849
2453
-836
-6695
1489
-4998
-610
-3144
-5395
2892
-724
-2600
-587
-5942
-2331
1947
-7973
-518
328
-7178
-3271
1332
-3832
1846
-6563
-7395
-4695
-9201
-4475
-2132
2061
1376
-4498
-6214
985
944
-3434
1973
-8154
-7149
-2021
-2670
-3503
712
-4570
-2998
-3519
-403
-9596
-5943
-7761
1939
-1818
-8651
2030
-3832
-8544
-3737
1784
-9771
-8080
-4601
-7850
-1230
-8692
-1667
-3921
-8614
-3368
-5445
524
-4187
-4278
-5766
-6840
-9457
1478
-2465
-9760
-1485
-1719
578
-7653
-4096
-5336
-7468
-2941
-2789
1969
-9159
2357
2920
-2779
2598
-9957
-4572
-2204
-7629
-3852
-5737
195
2475
-7519
-5334
48
2288
2823
-6467
-7490
-5638
-9142
348
-367
-1918
-4226
1413
-3668
-1752
-4481
-7220
-2825
-4599
-5586
2047
-9053
-4168
-5074
-8251
-5589
-1933
-3294
15
1427
-6040
-7512
-5381
-3279
572
-1911
-2385
-1334
-1346
-5553
-3175
-3756
-6708
2350
-57
2261
-1196
2995
-3661
-985
-521
-5255
-4277
578
1727
-3088
-5356
-1797
-124
-2521
-4619
1194
-9219
-151
-759
-3183
-6003
-8801
-4091
-9209
-3954
-3519
-9987
1184
-9201
-2564
-9557
-466
1418
-3338
-5413
1317
-1168
-6775
1549
-2208
2071
-7818
-9700
-802
-1013
1503
-8830
811
161
-3781
-8766
-7907
-4814
-5796
-5413
-3498
-3005
-2517
608
2024
-8921
-3492
2289
363
-6154
-6930
-9953
-2195
-2969
2611
-9455
-2288
-9671
-5319
324
-8598
-5909
-1001
-6877
786
-4858
457
-175
-7718
-4301
-4988
-3212
-8946
-3838
-5442
-2094
-8359
-1745
-3742
-1981
1391
-8481
-8898
-8853
-6197
-4416
2832
-6773
802
-56
2335
-2490
-3877
-6165
2243
-2184
-8109
-2305
-2625
-8831
-6943
-6236
386
-1717
-9761
-967
-9866
457
-7182
-6159
-5509
-1468
-9754
-1502
-145
-7371
-9986
-2244
-2050
2987
65
1138
-7882
2545
-3346
-236
-6687
-486
-7375
-6139
-6380
-7408
-2735
-9063
-6722
-1493
-977
2273
-6613
-8798
-1936
-770
-6483
-2855
-8582
-3318
2345
-177
-7901
-114
-6285
388
2505
2549
-4034
-4198
-8814
1279
1907
-2872
-5835
-5612
-2805
-3008
2894
-9592
2444
-8056
-2846
-5371
-2638
-1453
-5604
-7589
-4446
-1083
-6578
-7513
35
1030
-8405
-1412
-6686
-5260
-8274
-5094
-4366
-2503
-1445
2867
-60
-6242
1657
-7242
-6171
-9215
2733
-3822
-2038
-3449
-1827
38
564
-9992
-9752
-3382
-9863
-6206
-3352
-5575
-9555
1487
-2902
1507
-8254
126
-9325
-3698
-8683
-297
-148
-1079
-2607
-8172
-2080
-1999
2298
-3954
-238
-4125
-7542
-2224
2797
1214
-3031
-7507
-3040
-9170
-8887
-5099
2578
59
-9827
-5946
404
-4425
-1976
1481
1085
35
708
-8324
-4681
-1572
-8465
-1578
-3643
494
1494
128
-8447
-7293
-9379
-3532
-6300
-560
658
-7458
-7200
-5605
-9102
-6720
-806
2152
-4332
994
-1759
-7650
-248
1694
-7578
644
-4645
-7352
-807
-2672
2186
-1742
-7158
-8293
-7063
-9774
-4454
-1638
-4340
-5428
116
-7545
-9556
-4743
-7441
2119
419
-4649
-8747
500
-7044
-4120
2931
-6815
507
-320
-4599
-3747
-7970
-3784
-8895
2543
1007
1045
-2805
-1369
1827
2796
-4896
1418
-9519
-6033
-5461
-3282
-7749
69
-9667
-3170
-3529
-6244
-1745
2934
-7549
-3387
-305
1032
-8746
-888
-4795
-9480
487
-2706
-8611
158
1789
2177
-6105
-8304
-7319
1452
-1396
-9100
-5204
-4686
-5585
-1963
-808
-2756
-5798
2045
-7245
-5542
2383
-2431
-690
-5409
1299
-8387
-4796
324
-8686
-9483
-7477
-1754
919
-9182
-1774
-5694
-1972
-1133
-7503
531
-1676
2601
2255
-831
-3679
2900
-170
-5617
-4550
-7373
1702
-5731
-301
-7986
-4665
-4877
-8038
-7111
-9956
-4563
-6567
-4115
-1881
1691
-8679
1734
1211
-7826
-2282
-3540
-4982
-6724
818
321
-6427
-4877
-6904
-6172
-7753
-7784
-5812
-4422
323
-7171
-4081
-5349
563
-2194
-705
2648
-3040
-646
-8346
-3624
-2053
-9939
-8703
990
289
-4684
-8007
-3733
-9894
-9593
-926
-8026
-1149
-6822
-1588
2045
-5327
-7435
-7570
-242
-9122
-1807
-8806
-123
-41
1120
956
1354
-8682
1679
1954
-781
60
-5623
-2523
-3524
-6901
-2802
-8366
1078
-292
-7607
-6067
-5292
-601
-2749
-5750
-8187
-3203
2665
-9392
-6763
-3347
1098
-2976
-1958
1655
-1703
2632
1955
-4587
-3283
-2801
354
822
1360
-124
-7938
1816
-3541
-6166
-14
-4268
-8730
-4567
-2353
-9107
-6294
559
-6631
-172
-5992
-5015
-7904
346
-2132
-4492
-1903
-551
-5392
-6355
2731
-6252
-2087
2458
-6007
-5151
-5330
-333
2331
-182
-1301
694
-7037
-7082
550
-4838
-5730
-9673
2691
-6773
119
2598
2871
-9533
2507
-975
-9939
-1697
305
-9715
-3860
-6943
-4790
-4122
-9248
1237
-8491
-3619
1970
-5984
-6424
-975
-3366
1026
-3813
-1887
-1878
193
-2441
-7316
-2379
-6073
-6144
2260
-6676
106
-5035
-3188
31
2782
-6828
-7671
-6122
-6707
-6643
-1129
-5758
-9368
-5543
-3043
-5101
1079
-4030
-38
-5810
-7126
-6707
-1859
-7170
-9525
-4424
-7565
-3474
-847
-2597
1333
-8843
-563
-3252
688
-7418
1005
-6573
2646
2665
1500
-3769
-292
-6849
-6471
-1216
-8966
2640
-7400
-7572
-3614
-8359
-395
487
2693
-1818
-2349
-9979
-3343
-8355
-1116
-3224
1136
-704
-1828
1366
2341
139
-8653
-8079
-338
-1739
-7930
-3202
-4630
-425
791
-7055
-7893
-7432
-7462
-3664
-9585
2596
-8606
1126
-8410
-5534
-3901
-4986
-3855
-7202
678
-1471
2158
-9763
1582
-7235
-5609
-7631
-3899
-2841
-2728
-5979
2635
676
-6595
-8732
365
-1260
-6419
85
-6830
-724
-8125
-5051
2273
-7480
-3755
-5206
-6045
-5917
-9177
-2774
-1016
-8919
-4553
-935
-5738
-9026
-9508
-6717
-1820
-7486
-7044
-3645
-3093
2995
-4306
-6467
-5087
-6124
-4012
-5095
-2168
443
-5994
2602
-4325
-9143
-7628
228
30
-8958
-4856
-5361
2598
-4145
-1896
2540
-6152
2217
-1913
-2653
-8393
-6055
-661
-8600
56
-8582
-5080
-1014
-2215
-3510
267
2398
-6480
-8364
-6612
1760
-2841
-4891
-7153
-8400
-278
2773
-9461
-1048
2955
-6751
-5128
-2720
-2687
-1437
-7325
-6265
828
-3326
-1419
-2769
-6450
-3144
-374
1401
-4076
-8808
-704
-6575
-5508
-1442
1698
-4429
-5457
-775
-5308
-6847
-1142
-9821
-2377
-8470
-8646
-3599
-2615
-2172
-5386
-1433
-6017
-5176
2280
-4778
-1189
-9761
2795
-2018
-906
2522
-3496
-4142
-2822
-4913
2528
-2762
-1760
-3810
-7983
-2566
549
770
-4906
-2468
-1558
-8055
-2116
-9552
147
-9980
-673
2018
-6150
2295
-8880
-7330
1634
-9071
-7896
-1879
-8820
2237
-6388
-4870
-6773
-6123
-6694
2103
-7636
-5469
-9279
-4230
-1706
-3967
-4037
2078
-1469
2765
-2586
-1248
-3309
-2616
-773
2806
-321
-9646
-8034
-1988
-7132
-4855
-1714
2355
-4429
-2096
-4018
-1295
-12
-4918
-8286
-4096
-3411
-8350
-5885
2102
378
1431
-947
-8864
-7374
-9621
2935
-142
-10
-4667
-9600
-7368
827
-3462
-9910
-2284
-7423
-2813
-9161
-9613
999
-5433
-3111
-9328
-6331
-8341
-386
2640
-7545
-1534
-7891
-7331
2854
-9349
2211
-5439
-4028
-4418
-2466
906
-4699
-7812
2550
-7361
-1870
1818
-9992
2472
-7663
-9156
-1792
-9967
-194
-2076
-7709
-946
-7081
-3700
490
-4089
-3758
1418
2893
1427
-7889
-5023
-4939
-7849
-5378
-4821
-1929
527
-6537
-8079
-6486
-8725
-2599
-8730
-8283
-9646
-1083
-1775
-7928
2126
2606
-6627
-2566
-7613
-3818
1158
2744
2765
-6577
2115
-3098
148
-4335
-4711
-260
-9667
-5755
-7808
1033
-4110
-4311
-9458
2475
-206
-9828
2443
-1997
-1760
756
-1043
-5873
216
-9875
-5947
-4275
-5840
-9002
-5386
-4640
-4356
-8009
-4898
-2634
-7720
-4204
-9671
-6191
-7354
-7958
-3692
-1435
236
2762
2756
-4348
299
-9926
-1188
2157
-1374
-9141
-6260
-7353
-8193
1514
-6085
-359
-8961
989
315
2810
1929
-8629
-3407
-245
-236
-6232
-4765
-622
-4173
-918
-5609
-1792
-3547
-8597
-6813
-9408
-1125
-7060
-4931
-7749
-1706
-9463
-9573
-6885
-9949
-3332
-9910
-2531
2322
-4286
-5148
-3196
-9952
-5987
-6983
-9208
-8344
-4466
1953
-6561
-6211
-3220
199
762
-4014
-3068
-6583
-8739
-9441
-6686
-1134
-2503
-270
-4956
-4149
2407
-6152
472
1566
-377
-1796
-9854
-465
2845
-7542
607
-5220
-9107
1629
-2417
-637
820
-8707
1028
-2161
1254
-2060
-6991
-8992
1404
1068
750
-4019
-6823
-5874
-5618
-2732
2417
-2856
-2769
-7088
980
-6809
-1382
-4526
-167
-497
1913
-6995
-4346
-9295
-8950
-3841
-7986
1187
-5345
-6794
-7486
-7967
-7063
-5526
2124
-2714
2823
-5016
-1268
1506
2128
-1165
-2858
-4872
-9338
-6975
-6047
-4847
-6098
-4436
2944
68
-4174
-1586
-1007
-9239
-3216
-9083
1656
-6988
-5505
-818
720
1841
-3987
-8841
-5840
-3364
-6724
-458
1248
2406
-2562
-8889
-4195
1914
-4312
-9225
1097
-7967
-348
-3730
-6374
-2053
-2673
-7254
-4140
196
-5045
-9652
-7414
-4868
1385
-276
-2072
-8402
-7597
2419
631
-8758
-7412
-6173
-7731
-8276
1455
-8798
-7443
2389
-9465
-1867
-807
599
-7719
-474
-1924
35
868
-7525
-9357
-6608
-7878
-6229
-8802
-905
-2322
1211
-4796
-6161
-5992
-9823
-7149
222
-3792
1356
-2647
-2380
-9819
-9228
-8712
-8259
-8792
-8529
-814
-1208
-221
-8676
-1991
-8630
-9018
-2342
904
-239
-687
1601
-8255
2259
-118
-3443
-8638
-5721
-3018
-4523
692
-6708
-5606
-3053
-6871
-1424
-1716
-7637
-5636
-3657
-7364
-6239
2144
-5658
-7603
-1773
-2507
-7183
-5667
-3958
2285
-8381
-7975
-1212
1418
-1138
-9414
-3828
-9080
282
-5372
2064
-2156
-7768
2418
-7192
-1593
-994
-1461
-2052
995
-6879
2164
-2576
-7667
755
-4546
-6636
-5595
-349
686
-1679
-7834
-1379
-1022
-1446
-2039
-3507
-2583
-1809
-485
-3171
2724
-6932
-9291
-1499
-6049
-861
-2610
-526
-5037
-2048
-7180
-1216
-6795
-5323
-1097
-9959
472
-7604
501
1831
-517
-1939
-4415
-3478
-5675
-6110
-5598
-2833
-9372
277
-4815
-3956
-7997
-7215
-8998
-591
-3897
-4881
-356
-6893
156
-629
347
-1648
2792
-7455
1569
-2711
-9941
-743
4
-2643
-8315
-500
-5197
-2260
-167
-7206
-428
-6812
-4294
-7637
-7313
-5912
-8844
-73
-291
-3100
-8975
-941
-3758
-8716
-9919
-1815
1320
-7530
1866
-7637
628
-7299
-9443
-6372
-7231
-1782
-7403
-4488
-8782
-4272
-7642
-6764
2597
-1213
-2102
2838
-6954
2650
-9869
-4447
-4187
-8377
1035
-5462
-7457
125
-9162
-1554
-1273
-9171
-7199
-8075
-9899
1509
-9757
-4376
-7430
-1993
-3227
-6687
-4615
-4168
2391
-8440
-989
2512
-5671
-1164
-8986
-4217
1956
-93
1561
-4891
2441
-6791
-772
-5513
2053
91
-6185
-9863
-3539
-5320
-1760
2839
-3646
-7836
-9995
-291
-3161
-2604
-8377
-9012
-9910
1544
-9860
-175
-1440
2545
1516
-418
2978
2342
-5661
-1711
-3880
-6371
-78
-4271
1976
-1863
2620
-8706
-1268
652
-2772
-4527
2498
394
-1877
-7847
-8953
-2581
-7342
-5252
74
-399
-4021
-1157
-3241
-3289
-4679
-4262
-6975
-2903
-9725
-4198
-1281
-3993
1733
-7856
-4491
-3331
2115
-1236
-5627
-3747
1685
-2272
1802
-1037
2372
-7879
-7182
-502
-5390
1568
2420
-2969
-5572
-4724
-9735
691
-2243
-1190
-2517
-1764
-809
1496
-5785
-3199
-8620
-3162
-9523
-8348
-5880
792
-7957
-2361
-6383
-4864
176
-1915
-7574
-2499
-8802
1568
-4777
1310
-694
2505
-2785
-1013
-2416
-705
1735
2190
-9891
-1951
-5047
2440
-4454
-1399
537
-6048
-4845
-4548
-4855
-7836
-4229
-7912
971
1218
-178
-5091
-3512
-2377
-1875
-5892
1491
-416
-1534
-4325
-7404
-885
-9701
-2562
-3675
1292
-5765
-2237
2933
-4098
-4024
-2413
-2434
-5891
-3732
-7992
2493
-8653
1342
-7835
-8120
31
-1241
1278
-7168
-15
-1001
-8136
-5009
-3753
-6155
-7117
-2100
-8029
-9455
-1473
2095
1573
-31
-1818
-3355
-8087
-266
-8743
-6954
-9841
2991
-5705
-2496
-474
-5117
-9606
-8583
-9406
-9941
-4536
-7064
-636
-7784
-9271
-3789
-2731
-676
-4273
-8608
2634
2493
-7400
-5264
-4643
-7649
-5280
1193
-6255
-5144
1575
-3448
1093
-2717
2717
-5387
-6958
-1210
2775
1966
394
-5747
-2771
-8079
2748
-3048
-8356
-9118
-5822
-134
-7003
-8450
-9666
-5068
-334
-8440
-9747
-5241
1637
-460
2826
-1191
343
-2574
-1188
-9688
-1504
-5684
1406
-7456
-779
-5659
1786
-2961
2342
-8994
-97
-9561
-167
145
-2414
2703
-3363
-9056
-9855
878
1719
-8657
-5173
-2730
-6962
-8878
2812
-1079
-8920
-5831
-6913
-6101
2250
1344
1221
-3282
-2003
-9740
966
-1206
333
-9541
1015
2995
-1108
-5035
-8432
-2419
-3901
-888
-8322
-675
-3118
-8471
-1442
-9193
-8680
-6528
200
1069
-8313
-5921
-8929
2792
-2107
-7870
-3859
-6638
-3455
-6990
-7180
-6361
-3652
-1732
-3649
1105
-3397
1029
-1113
-998
543
-2684
1826
-8470
-6218
-1339
-9669
586
-2029
-9281
-7042
-3025
1797
-9745
-438
-2313
-3901
-6409
-5597
-798
-7522
-5274
-9782
-5819
-8118
1499
-5387
184
-8981
-4096
-3225
1718
-798
-775
2059
-5640
-5327
-3257
827
-4890
-847
-3534
-3240
-2190
-5936
-1170
-386
-8333
-7534
-281
-4755
-7941
-1886
-9888
-2194
-5294
-5236
1322
-5636
-6716
-9608
-4833
1365
-7015
-9711
1369
-7955
-6179
-2293
-2277
-1624
-159
-9439
-2967
-3376
-261
-6165
-4710
-9387
-7689
-2909
680
-8707
-5985
-9271
-720
-4533
-5205
-8302
-6825
-641
1301
-7402
-4423
-9929
-5674
-333
-5701
2763
-9228
-4242
-762
-2161
1946
-4192
2518
-9220
2493
-5910
-1058
-5675
1798
-7169
-4350
-1379
-39
-6322
-3754
-994
-4655
-3859
-6416
2757
-8040
-1031
-1750
-8473
-9427
-6434
-4506
-3315
-4284
-1087
-5585
-7502
-4698
-3675
-8311
2690
-4988
-2733
-7396
1373
-4015
-6459
-7163
-5066
-8694
-2747
-3951
-1279
-7621
-463
-9632
-6455
374
-8125
-3858
-9934
522
-4490
2349
297
-8490
820
-7284
2413
-5347
2299
-5385
-8740
2368
2783
-1044
-9207
2910
-9470
-9425
-9029
-9357
1323
-5196
1973
875
2327
-5391
-7365
-1222
-349
-6179
197
-4017
-1780
-6555
-6777
-9304
-165
-5152
-9354
-660
-9507
-5934
-2950
2692
-7442
-7334
1036
-2766
981
-7737
-5391
-7677
-4353
-2599
-8797
571
-9831
711
539
-1733
-3535
-8308
1190
-6140
-8672
-1007
-6335
-6988
-3679
932
715
-5883
1076
-8233
2072
-9505
-7335
-3309
1307
136
648
-9925
-9256
-7632
181
1146
-5895
-9375
-6069
-1114
-8713
-8413
2916
-351
-9491
-6188
-8157
-4410
-7030
1288
-8396
-8900
-9958
-4818
-6607
2736
-8293
-7262
-9469
-524
-1012
-875
-6887
-4515
-8688
-2481
-9544
1883
-5251
-4232
-2488
-4572
-7118
-9167
2002
-6354
835
-564
-8359
-3438
-886
-2342
-2571
-4683
-9935
-9120
2638
-8137
1789
2605
-5083
-6035
1491
-8664
1107
-5171
-7485
-651
-3842
-5097
2111
-6852
-5249
-6892
-2376
-2272
-1370
-2794
-1580
-9848
502
-3820
2909
488
-1046
-9897
582
-3018
583
266
-4227
1235
-4356
-7009
-889
-3713
-1142
-9683
-9083
-1278
-1624
-928
2861
-4239
47
-7186
-5470
1140
-6350
1875
1199
-8203
-7478
915
-8013
2143
-6916
-8833
-4132
-4513
2823
1892
-1322
-7447
-9375
-5214
-1008
-1579
126
-3136
-1279
2616
-1292
-4637
-9456
-5682
-5916
-5132
2617
-4255
-2637
1478
-7030
-4735
-1760
-381
-4547
-3511
-938
-475
-7649
2910
-1616
-298
2930
-1925
-6364
-9711
283
-7313
-2877
-3536
-592
2809
1341
-4728
-4719
2390
-6269
317
2814
2189
-1146
-7979
-7291
-2333
277
-7577
1679
-359
-101
-2471
-9810
-4120
-6748
-4089
2410
-4017
2928
-5270
412
342
-2724
2296
-1727
2110
-61
-9527
-8188
-3199
-9022
370
885
-1109
450
-8252
-3426
-428
2531
416
-9009
-1104
-8286
-9246
1345
-3655
2090
-3907
-3725
-3839
-3820
-2235
-3344
-3842
-635
-1640
-5939
1731
-5070
-2637
-7164
-2285
-4087
-8023
-5668
1785
2425
2119
-7733
-8575
-7765
-7440
-8388
-6591
-3069
-2669
2953
-6737
-7476
-4568
-4405
1925
-9515
-3681
-5442
-3564
-9506
-1187
-5658
-967
278
-8354
-5702
-3970
-2509
782
-7785
-5862
-2074
-4036
-3591
-627
2088
-2493
2240
-4370
2826
-1246
-2963
563
801
-7564
-5218
-196
-1075
-4069
-1973
-7142
-7036
-2611
-2943
-2961
1043
-7879
2711
660
-5575
-859
-8845
-2545
-4011
-4086
1237
1599
1802
-7358
-7492
-6691
-7993
2065
-5787
-5374
-9624
-8705
-7232
-2127
796
-5973
-997
-1205
2170
-5280
461
1606
-302
2123
-1503
623
-3074
-7302
-6489
-5209
-8169
-737
-3964
-5604
-5314
-6259
-4887
-4342
-5778
-1279
2846
-7488
-225
-2721
-7368
63
-1712
-7264
2534
-6746
-4096
-4031
98
-3182
-6563
-7647
-555
1302
-114
-4311
-8319
-4172
-8709
-9695
1513
-69
-2244
820
-7425
-8535
-9158
-6676
-1041
-1318
-4158
-2275
2535
-5403
-9952
106
-6987
-6132
-8831
-5069
-57
315
-2658
-1739
2483
-6584
2535
-4184
-2941
-2489
-1046
1057
-7084
-6448
-231
-1559
-9934
2947
-7991
123
-6790
-3707
-6264
-5502
-4250
-992
-8363
1812
2608
-2422
-4610
-3578
-7117
-1672
-3306
-6149
-6938
-4533
-4696
1641
-1815
-9087
-7408
2422
-8102
387
-5569
-2689
-424
-3263
1932
531
-5884
-4520
-9081
1256
1413
2270
-2287
808
-4360
-4174
-5044
265
-7395
-6410
-7195
-1959
-3407
-2260
352
855
-7282
188
-7175
106
2682
-2286
-1849
-1668
2363
-9751
-8658
336
-5270
-9250
-525
1128
-1114
-6522
246
-3400
-9240
-1684
434
248
-5538
-7405
385
-4081
-1838
-2646
-6205
-7762
2477
-9249
-3479
-638
-1876
-2069
-4181
-1475
-426
2462
-3036
-2100
-9099
2159
-8051
-6609
-1255
-3121
-9136
-9167
-3428
460
-217
-6059
1570
-4449
-6330
-5900
-1335
160
-3343
-7256
-7843
-2770
-8570
473
-495
-2271
-5845
-9258
-6805
-7515
-827
-1143
2080
-4353
-9768
-6082
2987
-7843
-4619
-2977
-4431
-2512
-120
2824
-3178
-6278
-4357
-801
2817
-8551
-9616
-4120
-1917
-6662
-8857
2790
2911
-4408
1508
297
95
-2052
18
261
-6834
-4802
-5158
-1165
-6711
-4451
-2263
-6848
-2650
2558
686
-853
-2292
1916
1902
2640
-7827
2922
2010
1345
-1947
-3978
-4237
-2866
-632
-1026
257
-4674
-2257
-5821
-9987
-6552
-5419
-5268
31
466
-8935
-1385
-4621
626
1694
-2278
-9305
-7062
-5623
-9682
-5725
2191
-4449
-5281
-7984
2918
-4978
-3674
753
-1889
-7687
-6855
-5798
2215
-3202
-8610
-4497
-196
-6497
1493
2778
-7733
-9132
-3319
1499
-4561
2162
-3719
-415
225
-6002
1138
-2828
2392
-8191
-811
-1346
-911
-3976
-1431
-5969
2657
-8156
2208
1172
-7287
-3763
-6876
1412
-7978
-1527
-1154
-197
-8017
1820
-7927
-9577
1401
-8491
2168
-7705
-4509
2162
773
-4251
-2341
-2808
-8411
-5169
-5940
-4317
-164
-3814
-3868
41
-1618
-9665
-1082
-4029
-727
-2471
-6246
-7380
-2476
-4262
-1216
1124
-9781
-4891
-7792
-7415
2396
-928
-2438
-394
-9784
-8618
-4400
-9700
-2690
-8409
-6489
-6265
-2062
-3873
-48
-6188
-5056
-9083
87
-9262
-91
1109
-1760
-6091
-364
2522
-8042
-2776
-9900
770
-9907
-1926
-4820
-9069
195
-2498
-6045
-1741
2514
1798
-8847
-1834
-9292
-7931
-5974
2756
-2859
-7136
849
-3942
-2937
-1151
-2106
-3815
-1108
519
-5577
-7196
526
-8610
-1025
-8283
854
-3750
-3550
-3526
-2967
-4464
-9411
-1186
-6017
-9881
-2154
-7380
-3533
-6353
-1628
-2584
-2163
-3565
1946
-1862
-5840
-7628
2031
-3986
-6925
-308
-5194
-5221
142
-3714
1713
-46
-6504
1266
-8817
-9857
-4900
-5672
-2465
-1287
949
-2114
-2110
-4622
976
-3320
-8839
-4416
-568
-4506
2266
-6788
-5040
-2321
553
-843
-9462
-717
-5307
-8693
-376
-8513
-308
-6905
-9792
-1390
720
-5523
2259
-3954
1933
-4021
-7033
2581
-7230
338
1165
2474
-3096
-5141
-2826
-7528
-4775
2320
-4008
-4525
-8995
-8267
-1812
1687
-4914
-84
-9586
-4742
-9896
1707
-5916
1246
1564
-9650
-1147
-518
-4212
-6398
-5060
-2504
-7239
-4762
98
-1965
2547
-8036
-9125
-5322
-9829
-378
-7790
-4211
66
574
-6334
-9011
-7833
-9260
-7865
-2481
-336
-8093
-1104
-7873
2765
-5236
1318
1363
2147
-4437
-7183
-138
-7354
-3310
-3278
-5272
-7594
-4555
496
-6244
-6537
-8163
-4673
204
-7181
-8259
2755
-3949
-8400
-4080
-6943
1056
1500
-2994
-7162
-1617
-1559
392
-7014
-4823
-6691
-8295
-5099
-3675
-283
-6879
-4969
-2926
-4391
-822
-4697
2772
-989
-3480
-2873
-2667
-3157
1712
-8107
-6374
1828
-2238
-4248
-4725
-5686
641
-3000
-6770
-8375
-6378
-7628
-6601
1844
1368
-1009
-9680
-4139
-6119
-7831
-2072
-5016
2481
-5960
-2774
-3943
-3241
696
-4957
96
673
-7218
-5080
1285
-5269
-2844
-1891
-3836
-2409
-8536
-5083
-2861
2415
-3544
-2810
2707
2321
-8516
-5415
-7487
-1917
-1885
2547
-2941
-3186
-3600
-5575
-7629
-2455
-9048
2109
1778
-4873
-476
-2790
-8408
-483
-8667
2114
2325
-3066
-9306
-1905
167
-7689
-2273
-6903
-7702
-8872
-3261
-4874
-7491
-7189
-6537
1091
-2243
-6874
1518
-9436
-5737
-1759
631
-9388
-9212
-8768
302
-419
-6029
2319
1705
644
2421
466
-390
-1823
-1155
-8550
-6090
-4039
-3940
-7702
-3518
-3169
-4881
1545
-1027
-7224
-4528
-834
-3515
-7568
123
1847
-338
-79
-6790
-8789
-1393
-1500
1707
-1163
-4125
1140
-7238
-2429
-9582
-2702
-4587
-6861
-8326
-385
-8233
-7608
-8590
-8027
-7587
-7412
-9206
-2657
511
-1852
-8174
-7872
-2777
-3004
-296
-5841
-3006
-6479
1711
-6102
-3341
1230
-2606
-2985
-1087
-5190
-2840
-5404
2664
-9262
-8828
2008
-309
2862
-7121
-61
-5159
-6100
-8249
-3669
-8665
-664
-2336
-9185
-8581
-8282
-6225
1339
-3256
-448
-7071
-6062
-2595
-6421
-4230
-1642
1910
-3567
-1496
-7691
-9773
-6699
-7371
2617
2225
2022
-77
-1170
-5795
-2379
-3
-6379
-1749
-9094
1495
-2049
-855
-9442
-1257
1515
2556
-4598
-7287
-9313
-8693
-2672
1988
-5761
235
-441
1869
-2920
-6674
-8054
-8676
-2204
-4392
1925
-8144
-7182
2078
-2679
-9772
2443
-3346
502
-1185
1239
2279
-6595
585
-7005
1332
-2622
-2778
-5293
-4511
-2377
-1243
-4330
-8324
-4275
2618
-6682
-9741
-2766
-3743
432
-4061
-4948
-6914
-291
2426
-7896
-8064
-1432
-1669
-5877
2481
-1632
-3045
1378
-8221
-5704
-9753
-9370
2756
2254
-2962
-9987
-2144
-3738
-5193
-2894
-4568
1834
697
-8944
2130
-8667
-2106
1247
-8914
-9658
-9191
834
-1690
-5127
-1693
337
-5087
-5757
2469
2753
-8846
-2852
-166
-9889
-1806
-507
-6510
-4229
-7489
-9639
-2984
-8744
-4395
-9888
-3496
-2176
-2075
-8670
-1606
249
-1708
-8290
1148
-7931
-5210
-8499
862
1845
-4989
-9905
-2085
-4258
-1067
-9883
-4158
-1902
-4931
-5372
-7638
-7636
1493
-6939
-8278
-1822
538
-5527
-4027
-8198
-8056
-5236
903
-4173
1058
-8240
-1209
-9629
241
-5830
-9183
-4803
-5334
-2539
-3841
1790
-3298
-9391
-6764
-2477
1312
-1552
-9271
-1110
406
1446
-3324
-8637
-2937
-2151
-6300
-3798
-7321
-8710
-3610
-8111
1121
-6940
-9135
-4956
-1410
2717
596
-2584
2370
-1029
-2689
-735
-9714
-4187
-4
-7327
-8488
-1479
-3268
1226
-1382
-569
2640
-6751
-9916
-8908
2253
-4628
-5365
297
-168
169
-5058
-6164
-9441
-4988
-7812
-7378
-6079
525
-6918
-7024
-557
1917
-3142
-2537
-7844
1516
-4570
-1210
-5098
-4663
96
2720
-9086
-5447
-3864
-8196
-910
-251
67
638
-6202
-6729
-3089
867
-3869
-2177
-8293
-7410
-4149
-9601
-9662
-1162
-5095
-8894
-1205
-167
1307
-8991
-2760
-5996
-1691
2863
2182
-3802
-5718
-9773
-971
2350
-337
-3557
-1979
-5628
-350
-653
-9849
-9574
-3075
-5393
-2072
-4137
-1509
-3541
-8457
-6097
-1882
1480
-1825
-2057
-5876
-5986
-1739
-420
-5850
-8360
1193
1243
-1315
-5654
-9804
1311
1018
-7841
-9307
-6424
-8688
-3624
-7643
-2282
-4631
175
-9579
-2296
-7899
641
-8423
-7929
-1807
-6463
-5779
-7900
-8766
1002
-8130
-4708
-9464
-1531
-517
-137
-3008
-3866
-6069
-7417
-8357
-4543
-2683
-6260
-1619
-8791
2322
-6396
432
2225
1220
-3086
2154
-7125
2656
-6672
-8465
-4187
-7916
2325
-831
-3265
-7202
539
-1221
-9345
-2431
-1965
-6727
2014
-5204
2892
481
2216
-5081
2203
-7854
411
-8168
-1794
-5969
-9666
-6438
-5109
-6307
-6159
-2530
-9537
-3001
-7925
-4232
-5651
-5326
1764
-1990
-7159
-441
-1316
-3929
-4619
-8163
-5583
-1845
-3593
-1144
-3073
1067
-4245
-1147
-7217
-2964
-6168
-4500
-222
-8396
2281
-1907
812
1414
2099
-1869
-2034
-6873
-6069
-1028
-4082
-5053
-8379
-1439
1440
-8839
-1118
-3831
-7730
400
-5880
1372
1627
-9468
1177
-5054
2582
2504
1239
-5234
-7878
2004
-5347
-3121
-6546
567
-6354
-6284
-9681
-8967
-5798
-2277
-3149
-51
-935
-1148
-5611
-1503
-8684
-3763
-4895
1742
-7458
-2265
2827
603
-9487
1712
244
2822
-4021
-5797
-5112
-2711
-2314
2073
-6889
-2378
-9670
1562
-5549
-1155
-4994
-1156
-2998
-4871
-7477
-3863
2313
1200
-5581
-7245
-2228
-8906
-7350
164
2609
112
-888
-7926
-4056
391
-4094
2548
2429
-9269
-8803
-3237
2234
-1575
-9003
-3141
-219
-70
-8105
-6306
-1494
2267
-7897
-4498
-5562
2275
-9830
-7418
-2759
-7162
-2384
-5430
-1342
-5466
-2311
-8175
-1083
-5878
-8244
1028
895
-923
-427
-3429
-1079
1496
-9633
-6550
-4122
1805
-7326
-123
-7544
749
-5015
-6486
541
-3546
-2281
-366
-2138
-304
-553
-2346
-4268
-3835
-8362
1966
-3932
-8375
2229
-3606
-7349
-3622
-907
-8727
-5523
2109
-825
-1246
-5891
-6059
-8097
-6332
-634
-1800
1995
2065
20
897
-1717
-5160
-1105
2608
-3206
-702
-7359
1089
1239
-1313
-1838
-4820
-382
1817
-3517
-3697
2382
-1251
-2094
-1011
-9274
-1899
1061
-7580
-3774
-1163
-5323
-6340
-9936
669
-1116
-488
-8631
1982
-6218
2298
-5654
1581
-7805
-1860
-6438
220
2472
-2204
-8150
171
-5639
-1847
-4957
-3617
-146
-9773
2503
-5502
-7253
-8010
-8012
2742
-7532
-7418
18
1383
-2423
-8374
-6426
2199
-1393
-882
-357
-7564
2988
-4291
-920
-1163
-2366
778
-1927
-7679
-5985
-3518
-5770
-9267
-1111
-8197
1020
2756
-9430
-4124
940
-5178
253
-4197
-6348
-4622
-7693
-6850
-7164
-1225
2258
1569
-3099
-5767
2834
-951
-6430
-7582
-783
2672
-7877
-3014
-4703
-5925
2662
-9809
247
1978
-9441
-8386
1369
-7796
-8556
-6587
2948
-2478
-5647
77
-1247
2806
-4226
1223
-9231
-7924
-5589
-1935
1773
-4425
-5490
685
1975
-7898
-3784
-254
-7100
-7378
-9333
-854
-9851
-3027
160
-688
-6234
1252
-4118
-9507
2684
621
-5170
-5164
-1381
-7732
-6812
1340
-4520
-2267
-9407
-976
-4782
-741
-5769
488
259
-9067
463
-7324
-3588
-9072
25
-8762
-1193
-5079
-5451
-9542
-1589
-1199
2913
-5153
-5958
-6276
1153
1389
-1067
475
-855
-3663
-8334
2544
-64
-1179
-2827
-3373
-8102
-6481
-4069
-2660
656
609
-5454
2028
-7340
-9581
-2068
-8088
-8063
-6953
2669
-4840
-9358
-2456
-2475
-2755
-5946
-5897
-9327
-6370
-5040
-533
-5537
-8693
1229
-7046
-8216
-8421
314
-1558
1462
-1764
-2103
-1196
-8232
1538
-3396
-4805
-4110
-1995
-3918
-2354
-221
2104
472
-1853
-3310
-8247
240
1724
-7212
-5306
-6015
-3974
-8659
-7230
-2427
-4614
2574
-6112
-2039
-8377
-6352
-937
-3859
-5564
-1783
2649
-6774
1621
-4301
-2494
-7212
-3024
-4185
-6844
-2163
-376
-4893
-9459
-6704
-4745
-6094
1469
-1428
-2236
-9013
189
341
-9900
660
-7438
130
-8738
-9698
2374
975
546
-7687
2949
-1616
-8984
-7829
-7168
-9784
-7041
-542
580
823
-3848
-9904
-4747
-1023
-8198
-1509
-6489
194
-4930
-4257
2209
-8584
-4923
-4495
2877
-9196
1082
-6
-617
2001
812
491
-5444
-3168
-6878
-9723
2589
-2437
2911
-4981
-8685
2846
-3784
-4049
-8671
-294
-1121
-1398
-4910
568
-6301
658
-4658
-7703
1809
-3843
1065
-7144
2033
771
-7725
1663
476
-9165
-8269
-1360
-794
-1812
-2321
1616
439
-358
-6511
-7938
-7167
-7979
-5839
-9706
-1094
852
-3175
-4023
-5622
-3270
-4733
-9863
-7201
6
2079
-2847
-5308
-3970
-5055
998
1827
-8957
-6816
-6603
-7746
-1732
-871
-1696
1255
2783
-8322
-5052
-5770
1167
-4706
-102
-8591
-5722
-5945
931
2061
-8187
-9613
-3449
799
2452
154
2011
-6776
2038
-6152
-8699
-8311
-5146
-8797
-5321
-4574
-3866
754
-6995
-6766
-7101
-4638
250
-155
2820
-1656
-5512
-6287
-7025
-3663
-166
-4474
1214
-8848
1511
-5757
-6824
143
-2391
-5554
-6583
1384
-6869
-3774
-8723
-1550
2453
-8880
-1997
-9952
-4304
-174
-6542
-9835
641
-2133
809
-9782
-1369
-4752
18
-3069
-7087
-5152
-1755
386
-1865
-3927
-4663
417
-7555
-6537
26
-2685
-1324
-5443
-9871
-3609
-1805
-9211
968
-3177
563
-9759
1940
-94
-7508
-7984
-2876
-3418
-1766
-6299
-2716
-6341
-3227
-37
-4464
2604
-9119
-9447
2980
-6334
2875
-6669
-1317
-4607
1180
2124
737
-4866
-5452
-5881
-8774
-6829
-8672
-317
1950
305
-5745
-9821
-5896
-2984
-8389
-5197
-4165
97
-289
1568
73
-7181
-5376
-3195
-9962
-3128
-3343
-2907
149
-528
-347
-1308
-3308
243
1896
-7582
-5042
-1756
-4109
-8221
-2849
766
-5784
-8595
2534
-2438
-9749
-8921
-1389
1033
-3653
-3912
-4494
-4175
-9872
-4230
-8045
-6562
-2064
-1215
-6166
-1329
-4409
-1476
-303
-1322
-4899
1994
2995
-385
-8560
1535
-4411
-6735
321
-8558
-6608
-5149
-5193
-5816
-7117
-1721
-9094
1321
-2037
-168
1474
-6335
-4100
182
2531
-8044
1554
-4959
2448
-7185
-2943
-8104
-3436
-7853
2660
-2372
-7132
2100
567
-8675
-5583
-334
1299
-9620
-881
-657
2313
-8179
-7374
-5083
120
-97
-1845
1345
-9595
2210
-9326
-7154
-9604
846
-1208
-9196
-1148
-7767
-7138
-2210
-2584
898
853
-6982
-2001
-1044
1163
-4634
2661
-6331
-8242
-5708
-9815
-2621
589
-6381
-1703
-1410
-40
-2847
-2007
-542
-920
-2230
-6077
-9817
-2890
-7355
-5062
-8426
408
-7731
-2456
-6489
2167
-7128
-1720
-2420
-9581
-8407
-2707
-1862
-8439
-7629
-1915
-67
-1721
-1589
-4860
-3831
629
-7793
-3277
1388
-840
861
1972
547
1352
-4701
-999
-6674
-2577
-6322
-1773
-2186
1165
-5745
225
-1200
-989
-1717
-6295
2277
-8539
-5878
-7347
-5204
-4528
1993
2767
-7323
-7637
-6469
-5761
-3729
-3712
-9376
-8419
2946
-4435
-7045
-9583
-177
-1338
-7719
-7303
-889
1577
-3334
-5020
-5155
-4669
-458
2965
-6144
-8065
-5878
-3208
265
-9496
-9921
-9082
-2573
-9851
-5754
-4563
-54
-7591
-123
-4701
-2084
-8587
-5408
2833
-5556
-7403
-2954
2980
-8720
-9200
228
-7549
2408
-6549
-8499
1748
106
2108
2231
-7004
-7244
-3974
2047
313
2957
-3442
2648
-1920
-5109
-5176
-3703
-5897
-2742
1054
-7360
2868
-6521
-6885
-2142
-6793
-6667
2580
-3269
-4094
-5905
-3646
2292
841
-7682
539
-8300
382
1724
-3478
-1859
-912
-759
581
-1678
-2192
-2890
-599
-6043
-752
-3342
-1956
-9125
54
1070
-1647
-9441
-2375
255
-3317
-681
1796
-8813
87
-3528
2872
2780
1464
-4246
1156
2325
-1660
-3517
-2297
-5183
-785
2355
-4277
-3063
1792
-1595
101
2481
-7798
-8336
-3828
-9080
2834
-7687
-8386
-2678
984
-1334
-7836
1814
-5188
-5435
13
-2072
577
-2438
-9718
-1067
-4335
-1032
-4507
-982
-213
-3539
-4261
-1284
-4200
-5098
-9746
-4167
-6481
-1479
-6866
-1968
-6601
-1113
-9259
-4107
107
2666
-12
-181
-315
2923
-4640
1466
-6379
-6480
-6202
-1585
-7810
-4818
-1623
2121
1553
848
-9265
-7627
774
-7146
10
-3849
2905
-3899
-4044
-8970
-6623
1724
-8071
-3384
1736
-4517
-2743
-9865
1499
-2532
-1515
-1878
1096
1988
154
-5198
-8129
-5381
-7879
-6891
-9978
-9773
1627
-9020
-4293
-1015
-9058
-9741
1282
-2571
-5774
-256
-4240
2531
-9177
-4648
1165
413
-3885
-9738
-9976
-1232
-3074
1838
-7385
-9095
-533
-2594
-9527
-5179
-1719
-1584
-3315
-2739
-6665
-1845
-3359
-4471
-1590
437
-2322
2867
-676
-8059
-7524
201
2599
-4448
2053
2118
-3849
-8956
2001
-7627
2601
2669
-7373
1884
-8969
-4204
-563
-7745
-8830
-2288
-5295
-3044
2564
-9880
-9262
-289
-6323
-8636
-3954
-2021
-7451
-400
-1355
-1676
-5604
-3355
-8119
-3280
-9740
-2647
-8724
-5333
909
-4420
-174
-1966
-6859
-5522
-2214
-4265
-7921
-6577
-2409
2743
-2775
-455
-305
-3916
-3268
-7462
2961
2956
1720
2383
-4727
-4802
-1627
2213
-8522
1442
-6294
1486
-6142
-7195
2182
-6223
-3133
-1203
2322
71
326
-7061
1906
-7582
-6960
454
-49
-7483
-4166
-843
-4817
-4511
-5509
-7379
-5959
-9907
-1094
-6341
-7714
-262
-1717
-2782
-9452
-3826
772
-5110
-687
-2014
-5470
-3619
422
2414
-1023
-1253
-3880
-8619
2481
-189
-1577
-2358
-4303
-5340
258
-4457
-6292
-7951
1407
-7834
731
-1732
-7679
-9168
-6415
1634
-1489
-1466
-6563
-3150
-3361
-895
122
2004
-6551
-2071
84
1832
2838
-3426
-3020
-1943
-3682
-3494
-3918
-8829
2110
-7492
-6615
2906
-7893
-8010
-2757
-1947
-1684
2297
1192
-2418
2106
-3935
-830
-3761
-799
-988
373
-1210
-2715
-9661
1247
-9616
-2017
-8524
-5020
-1339
-6969
-745
-3672
-5656
-8887
-4453
-3278
-1338
-9838
-8515
2769
-1756
-208
1933
-6240
2144
-5346
-3018
1719
-9631
419
-9258
-9011
-689
278
351
-624
2432
2557
-10000
-5116
-7010
1442
-7578
934
-7822
-9238
-871
-3083
-3377
-2933
-39
-4861
-9991
-6494
-159
-9837
-7726
-1879
-1711
-1394
219
-2323
-9060
-2692
2202
-878
-9283
-5133
-8805
-8233
-1107
1986
-8985
-310
-707
-3054
-7298
-3440
830
2791
-2068
-4420
-404
-9135
-8978
638
-4405
-247
-3772
-137
2179
493
2249
2166
-6099
-3733
1439
-1181
-6817
-873
-7395
-6505
-9762
1324
1613
-2110
-6887
-1827
-9811
-4743
-9807
1554
-3402
-8795
-4365
717
-4860
2350
48
706
753
-3761
-3386
-5562
-2241
941
2535
-307
-7415
-7232
-2264
-1904
-190
-3329
-7661
-4584
-6647
83
-1367
-615
-6687
-1901
-5706
924
2319
-9114
2020
-6777
1733
2202
-5868
297
-5584
-4617
-6225
-421
-7826
1100
-35
-5996
2417
1464
-3894
-8814
-8503
-7330
366
-7701
-6601
1739
-3583
-7078
1777
-1401
-7602
-118
-8411
524
-7696
-2843
-9107
-2833
-1619
-3707
495
-7939
-5284
-5057
-6986
-6848
-1095
2399
-4539
-814
-6360
-58
-3651
-5921
-7001
-4743
-7728
1372
2566
-611
-5604
-1846
-7091
-851
-1948
-2157
-9112
-2269
-5283
-3415
-6218
-6883
-8529
-6381
-6499
-844
-8467
923
2123
2177
-1739
-3838
-3629
-1621
-9032
-3419
-9856
-3396
-1794
-2531
-6152
-4031
1805
-9437
-1366
-4760
-6788
-1349
-4949
-5539
-6474
-1894
327
-1181
-427
1938
-9001
395
-5913
-735
-8164
-3219
2125
-7210
-4192
-1202
-8736
-3347
953
-6511
-9388
-1473
2790
-8043
-9397
-3875
1981
-4716
1087
108
-3540
-3923
-3303
846
-9760
-5844
1600
-9227
1623
-2945
-7758
-2268
-2149
-4879
-4371
-7203
553
2107
-8246
2135
-7080
-1259
-1020
-5850
2784
662
-5179
-5754
953
61
-8426
-854
-7049
-2435
-103
-386
-3225
-3053
526
-1851
1248
-3407
-7991
-3883
64
1563
-1817
2063
-7103
-6375
1572
-4109
-2432
-6557
1522
585
-4914
-1966
-2826
-8392
-940
-718
-6157
-5579
-3268
1262
-7453
-2546
1098
-6322
1165
2090
-3821
-6166
2679
2067
-1236
-9665
2369
-7452
-8270
2732
-6424
-4704
504
-5131
-5803
-5223
-9134
-4549
-3934
-6030
1969
-2209
-4719
-2694
-9378
-9917
-5207
1217
-9368
-9548
-5597
-1792
1763
2065
-8214
-4140
-9954
1910
-5970
1967
-5057
-2009
-4086
-1631
-9010
2153
-6262
-9749
-4427
-9524
1636
-3494
1128
2263
1207
80
-9009
2229
-9419
-2447
-5205
-6535
229
-6627
-351
-7977
-7531
-3882
-2434
-3683
-9674
-2226
-4047
-7208
-3811
1927
-2621
-3676
-3876
-6500
-4957
-3503
-8355
-8432
-7241
-3856
506
-2807
-8888
-7483
-4359
-5301
-2758
-3175
-8771
-1824
-8646
-2556
-2059
-3169
992
-1799
-1450
-6306
502
-6078
-5485
-7563
-5317
-5913
1601
-4601
-6355
-621
2301
1610
-7094
-6448
2586
-8802
-2319
-9389
-9056
-650
-8039
1199
-2288
-3106
-2923
-4217
-632
-3905
-4998
-7729
680
1666
153
1649
-5003
-9606
-7629
-364
-3699
905
-9304
-5066
1083
700
1565
1321
-7603
-983
-3914
1598
-2287
-8700
1914
41
-2199
-1455
-7623
-5608
2028
1107
2009
-5811
-5929
-2335
-4678
-8121
-1438
-3042
1308
-2858
-2828
-8002
-8958
-8748
-148
-2960
1413
-2377
2253
-2050
917
-7677
-874
-6367
-7870
-7877
-5071
-2641
-9656
-2654
-6181
-988
1392
-7746
-2289
-6406
282
-626
2169
-4158
-6814
-8835
-8868
984
1328
-2438
2501
-9384
-7441
-5255
-9793
-5496
-828
2165
11
-1292
-7451
-5017
8
-4920
-5561
-7231
-2876
-6763
224
-6618
945
-7274
-9465
-6271
-1189
-5666
2585
1883
-1248
-4312
-1628
-1172
-194
2391
-4004
-8874
-6769
1381
2614
26
2646
-476
-579
-236
2089
2076
-8862
-6485
-8393
-2736
924
1200
-9109
2968
-7792
-826
1899
1350
-3422
-428
2938
-4027
-6095
-3352
-6682
-1712
-603
-3403
-3237
-6199
-7632
-7423
1903
719
-9660
-2516
-2957
-4983
-2073
-3309
-5814
-9744
-5466
-3510
-8427
-6672
-2302
-2027
-625
1706
-6521
-360
-272
-217
-7279
-3361
-1015
-5681
-7440
-1711
250
-4905
-2951
-6693
-6066
-4482
-5028
-9267
-7548
913
-5704
-9764
-7469
-4940
-2605
-3768
823
2157
-6790
-317
-4080
-1454
-1490
-3086
-1826
-578
-7412
-6769
-9955
-3166
-2703
-7972
39
2921
-2222
253
-455
-3349
2685
-6770
-2874
329
260
-5522
-4952
-1478
-9537
-1037
-4571
2494
-9674
-9561
-4551
-7612
-5425
-2152
-9176
-5843
-2523
-7711
-9973
-4767
-9602
-6779
-5742
2646
-8876
-5624
-7221
-5385
-3229
1311
-5335
-4034
392
2909
-4014
-4000
-8272
-168
-501
-3493
1793
2072
-6873
2443
2222
-6291
-5248
-7129
-5988
2491
-9112
-2655
1816
-3623
-5837
1334
918
-1046
398
-582
-9725
-7840
-2979
1354
156
-4338
-2782
-2024
1319
2239
-2720
-4820
2430
2574
-2444
-6469
-4223
2463
-6560
1718
-3889
-4524
-8241
-4615
-8137
-1589
-4924
-1575
-3364
485
80
-931
-2004
1787
-9008
2015
2847
1102
-5096
-8193
-7849
-6321
-5532
369
-1363
-9865
-7551
-4533
-1630
-7154
-7094
-8136
-887
1384
-9778
680
-8709
-1287
-4910
-8
1461
1720
-3686
-1080
-4021
-457
-9586
-4964
-8458
-2674
-6728
-6143
-5664
2940
573
-1116
-30
-3011
-570
-6552
344
-6857
-5683
-9681
-7500
-7794
-1316
-4454
-7022
-2678
-7183
-3961
324
-9655
-2314
-2765
-6715
-6819
-8578
1951
-3852
-8312
1255
-1464
-2630
-4916
1810
-296
-7717
2213
-1576
2841
-4653
-1
-7012
-5003
-1710
-7175
-3870
1504
-6835
-2270
-8398
-9685
-2270
-1793
1641
1691
-4004
1460
-2219
-3468
-4982
-8848
32
-8299
-5297
-3685
-9468
-8531
-4861
-5722
-9936
2297
-3209
-3947
1440
-427
-9761
-8819
-3740
-5311
-3663
2211
2070
-3921
-7002
-231
883
-3694
-2820
1326
-5424
1349
-8909
-1778
-4033
-7043
-3600
-8528
-9223
-6861
-6073
-2889
-7233
-5348
-6622
-4997
2873
-1819
-9725
-7710
-3876
-39
-494
-302
-4128
-5656
-5854
-5704
-7961
-5395
2772
-9762
-548
-8226
-7463
1759
-1890
2052
1680
-6371
-9320
-520
1984
-8276
1696
-8933
-8986
-1185
-1135
-6733
-7851
-6392
-62
-5406
-8173
-1924
-8894
-6513
2971
124
-9821
-7181
2309
-7231
-5637
-4350
-2754
-8727
1096
1944
-9411
-6583
-7194
-981
1571
-623
-8133
-5092
-723
-256
-6323
-4436
309
-5925
-7003
-2780
1699
-1636
-3935
2561
-5119
-9450
-3205
2284
-5450
-2956
-2148
-851
-2776
-3769
-7227
-7600
-9213
-3476
-2715
-3444
-176
-6962
-8952
-187
-3850
-9295
-7738
-9609
-5935
-2056
-8453
2626
-3916
-4345
1245
-2154
-2121
-8689
-6124
-6171
-7721
-8542
-4290
-3343
298
-2663
-8626
57
-9244
1025
-8478
-3119
1826
-2343
-4070
818
-8924
-1600
1350
-9277
-8841
-1860
-96
-5307
-7683
-8094
1183
-86
-9079
2237
-2612
-9019
-4949
-4439
2434
925
-5436
2176
-4601
-1061
-3902
-8074
2764
-3692
118
-4408
-6231
2643
-7249
-5288
646
1371
-2619
-2148
-4215
-4692
-1901
-4125
-6859
-5353
571
-528
2255
2363
-5476
-8425
355
-5465
-6857
625
-6807
-7289
-2760
-5949
279
-7187
-8263
-3515
-6125
-3186
-4604
-4213
-3217
2397
-9717
-1707
-6438
-8888
2161
982
-6832
-4803
-6280
-6429
-5931
2930
798
-8061
-9621
582
-2800
-8428
-6769
-5478
-9347
-6925
-7967
-7817
-6590
-1762
-382
-9068
-5108
-5221
-4273
-3504
-8562
438
401
-8046
-662
-8733
-3752
-845
-1888
-1012
-6897
-8949
-8856
-5199
1133
2605
-3900
-5129
-3470
-3237
1712
-5965
-4220
-1637
-8689
-5689
-7906
-9151
-2036
-3964
-9739
1194
-3690
-9168
1780
-69
-8476
-1170
1053
-9512
-8064
2652
-7884
1042
-2518
-7860
-5698
-6134
-7282
-7448
-4629
-3461
-2630
-7393
-6892
-2163
1287
-1835
-3121
333
-2803
-443
1859
-4462
-12
-1811
-4441
-4359
-8567
2587
-3182
-3652
-62
-4411
-279
-8270
-8991
-3063
1409
-4921
2792
1556
-5762
-1068
-6877
-2731
-8032
2580
-3752
-3391
-9589
-2237
2324
-5421
-184
-9997
-2091
-3244
-1363
-2060
1719
2222
-8539
-5867
-3118
-5635
-33
-5359
-1411
-8339
-7218
-2902
-2838
-3037
-5447
-9823
-9753
-9278
-5327
1154
1864
-981
-9675
1899
-9549
-1947
-9833
-1359
-1118
-428
590
-6933
-7843
-4032
-6606
-3127
2678
-5041
922
-4682
2769
2346
1866
-1009
-1492
-6443
-2160
-6353
-9861
-5815
258
834
-7326
-1364
-214
-2258
-3268
642
-149
2760
-7107
699
-1954
-5836
1009
-6760
-6333
2951
1929
2629
1936
-8921
1195
1237
135
-3496
-2766
2351
2439
168
-7148
-4227
-3035
-9771
-9085
-2127
2362
-9201
-4652
-3921
-9933
1720
892
2394
1071
-4189
-619
-6711
-8324
-2456
-2710
-5773
1641
-9483
-3258
-6083
809
-3134
-5538
-8336
314
-6760
-679
-2977
-36
-2201
-9584
-2878
-6272
-8556
-8704
1198
-19
541
-8923
1983
-8221
-7000
-7826
-1023
-5002
-2262
-9004
2647
-5708
-3701
-7216
-5444
2825
-7353
-9730
-907
-8733
2247
-624
-1934
-6220
-6929
2643
-4117
-3136
1514
776
-1860
-6613
-1729
-3858
2538
-804
-6369
2279
-8742
-5724
-3505
-2031
-2906
-5051
-8086
-854
-9971
-4048
-9451
1962
-6299
-8085
2847
-1167
-432
-3131
2706
327
-5002
-9253
-7665
-356
-654
-4060
2843
-7002
2100
-3553
-1712
-764
-9484
-6213
-4935
-8043
-9752
2749
-9412
-2657
-1520
-9635
-5431
-2177
-443
2681
-1540
-3206
1437
-9375
-9199
899
160
-1065
-8841
-1846
-7604
-4544
-3676
1407
-2290
-4315
513
-8719
-2048
-4795
-1135
-449
1271
-6792
-3553
-1387
-4770
-9002
-8504
-9382
-8635
-1463
2629
-6642
-6076
1128
-2423
1156
2029
139
-2276
-3923
-7226
250
16
2915
1373
-1658
-4942
2480
-9873
-599
2403
1166
-846
-9510
-8004
-9728
-5198
1111
-1176
-8556
-7661
-6906
-7654
-7898
-4200
-9650
-6100
2772
-3
1712
-4358
-1161
-7894
-5079
-7634
-5105
-7141
-3140
-526
-2173
-6908
-6369
-1446
-8578
2685
-7766
2995
2387
-5533
-5011
-4018
-8056
-5301
-6101
1334
-1523
888
-124
-6239
-6905
-59
-2916
2616
386
-5241
-5639
-6662
-782
-4548
-431
2919
2955
-5637
1585
-8828
-4184
-1316
-8349
2525
-2694
1993
2630
2299
-8077
-3685
-4363
-3838
2045
1528
-1670
-260
2164
-5872
-2361
976
-4278
2735
2977
1589
-8386
-9815
-2762
-2967
-4408
-527
-6937
-6085
-2482
2746
-7909
-3841
-7817
-8261
-8726
1856
-8560
284
-612
-8943
-7574
2136
-9981
-4604
1619
2339
-7875
1566
-8963
-8334
-5832
126
2698
-8008
1711
-6421
-3466
-5136
1046
-9877
-6223
-3883
-6080
-698
-4463
-9991
-6270
2533
-2941
-6296
-2195
-5928
-667
-5077
-2867
-1684
-272
-2034
413
-2396
-7788
1658
-6252
-1730
-8122
-5240
-1444
-4206
-6956
-4798
575
-9538
-199
-8702
-2574
-2039
1930
2569
1176
2923
2243
-4625
-6427
-1928
900
149
-5007
-1165
-1024
-7160
-3585
-9615
-4826
-1058
-7404
-5554
-4457
-4355
-7784
-6033
-5054
-334
301
1512
-3358
-6017
-6304
-5698
-9727
-302
-524
-1997
850
-9756
323
-483
-9675
961
-3762
1588
1384
-8525
-4989
-3626
-9389
-4231
1507
-5900
-7051
-7492
-2622
-1579
-8030
-1533
-2547
-2053
-3962
-1620
-4264
-7840
-4110
-6115
-2708
-4485
-8633
98
-1653
2245
-5992
1007
-4291
-9525
-1949
-7814
225
1114
-5362
783
-7071
-9310
-6453
645
2520
-1340
-8325
-5
-3382
-1615
-8210
2146
-5584
-3056
-9918
-6834
-6661
-7917
-2832
-4461
-6369
-1891
-670
-3026
-3512
-2423
-5388
-3731
349
783
1233
1016
-440
-6448
-6597
-943
2073
-9904
438
-9124
-3683
289
1776
1241
-9701
-9619
-4594
-5433
-2805
-8791
-1965
715
1553
-1849
-8721
-4604
-2057
-1920
-1944
-3103
2807
-3020
-5813
211
1886
-4295
1592
-6632
-8869
-4329
-1213
-9945
-1211
1041
-1542
-4961
2763
-2893
-8608
2340
-1174
-2224
1879
-9110
-1241
-2656
-4238
-9534
-406
2572
1974
-2748
-5022
-4164
-7846
1231
-1565
2661
-794
-9607
569
-4003
-2183
-2069
-7904
-4495
-1278
2644
-3712
-5412
1747
1988
-1882
-7756
64
-9017
-5013
-3765
-759
88
2381
-6515
1585
-8206
2483
-571
-9663
-2150
-4678
-938
2249
-5508
-705
-2506
-8779
-6757
-3674
-7721
-888
-8582
-4445
1413
-7079
619
-1120
-1036
-6762
174
-4947
-9443
-5769
-1771
1438
-3472
-3363
1904
-6446
-8118
2665
-9914
-6062
2311
-8428
-4108
-7327
-2494
-6777
-8627
-9989
-9272
2283
-6640
-2758
-8594
-3133
-4256
-2293
-8548
-6768
2268
-9548
698
1402
-8032
-1594
-5438
-3997
-3677
-9127
-9076
-7122
1822
496
-9454
-689
-4610
-8559
2815
-3820
-233
827
-9585
-8997
-6277
-9648
1927
-8853
598
-815
-6379
-3074
-3038
-5095
2766
-6351
-6392
-6919
-3464
1108
-318
-2437
729
-191
-8747
-9759
756
930
43
-8943
-5833
-3190
-1290
-3268
-119
-1561
-2727
-7712
-4579
454
-2328
-9797
-727
-8382
-6424
-3645
1648
-1448
-7358
-3291
-3814
-6345
-6106
-8306
2132
-1647
1697
-8970
477
-9680
-7566
-5085
-9281
-136
-5106
-4241
-1323
2102
2535
-6279
-983
-5571
-2248
-1053
-2810
-9122
747
-9107
-7171
-7920
-7273
-4433
2546
-7975
-2632
-4302
-491
-4683
-4277
-4321
-4631
2879
-3195
-1097
-9778
-7006
-6722
-4917
151
-4234
-7798
-1121
-2549
-2733
-5926
-6627
-4207
-3453
-9034
-2165
-815
-170
1552
603
-2935
-7729
-4044
-6035
-1455
1927
-3935
460
-9915
34
-9147
-1494
-9743
-6726
-9506
2427
-732
-951
-5034
-1840
-6763
-4187
-4974
-1014
-282
-3003
-5693
-4219
-2455
960
791
-662
1038
-8708
985
1728
825
-3017
-8537
-2215
-1511
-7195
-9864
-2487
-5943
-8063
-7239
855
-1221
-6290
-1595
-6872
-3155
-3966
-5623
2041
1702
-1170
-3276
-8858
-9703
-3291
-7587
-7749
-8590
-2096
-7061
665
-8669
924
-3176
1542
-9602
-2054
-2391
-2905
-8138
-2794
-7857
-3634
-5599
140
311
710
-654
2547
-8992
-6986
-1044
1925
-1952
-155
-6631
1675
2939
-5750
-5441
-2100
-3648
-6021
-9879
-9198
-1111
-5954
1740
2496
-517
-5083
1910
-4570
1971
-4546
2338
1488
1112
-6897
-7103
-8416
1713
330
622
280
-7891
2483
-1594
-8688
377
1553
-6565
1545
-8876
-9336
2671
-4188
-5832
-4962
1379
-2354
-2175
-8260
-1079
1566
-5874
1394
-4302
-2603
-183
-5301
-5108
-7140
2326
-8120
-5752
-1919
2558
-888
-2145
758
-1725
-3802
1934
-3117
-6754
-4988
-6743
2341
-6644
-2285
933
-9187
-545
-3518
-8631
-645
-1033
-3122
-5487
-28
-8624
-7624
-3327
225
-3427
1139
-9836
-1028
-4830
-3927
2066
-3163
-1055
-5791
-9155
-7941
721
-1941
-3310
-2473
2077
-437
2030
-5560
-7542
1449
1934
-781
-5027
523
-3980
1299
-5129
-9135
-3981
-1464
418
-742
2546
-4269
1987
995
-6084
-8427
-5251
-2801
-3343
-7183
754
-1034
2060
-7785
-674
-464
-3126
-1273
-5430
-4068
-7841
586
2054
8
-314
1549
-5152
-9492
-8979
-1407
-1182
864
-1733
-9485
-317
-2741
-9110
-8621
-9260
-918
-2722
-1119
1391
-8254
-7765
207
-1588
-6217
-721
-5659
-7466
-2879
-4139
-4435
-8362
-1697
1724
1056
-1099
-3331
-5396
668
-1362
2773
1046
-2652
-3108
-3891
-4543
-6046
-9312
-2262
-9583
-6315
-150
-2775
-2344
-1549
-4303
-5257
-2908
-5962
-698
621
-6292
-9305
1610
-7463
-3565
20
2952
-8992
-6012
-667
-4934
30
-5617
-8187
-7727
588
-239
-4645
-4947
-7128
-9138
-6887
-4783
1727
-7804
-3905
-6547
1511
-7217
-1157
-6676
1066
-3242
-3936
-8681
-471
1784
-6475
-9411
-9697
-5446
-1084
-5768
-5085
-6664
-6697
2774
-7159
-8357
2204
494
1884
499
-7410
-8532
2530
-9963
1995
-2256
-1427
-4454
-5670
145
-9417
-3899
-2320
-1868
-7560
1285
1240
1482
-8476
-9869
-8227
-3563
-8055
-2357
-6388
-1550
1936
-1241
-2233
2205
-592
-7095
-4523
-5937
-416
-5489
1440
-5307
590
-653
2606
-4689
-7445
-8714
251
-3156
-2243
-733
-2810
-971
-6947
91
-1601
-9997
-962
279
921
-5368
-6616
-244
2386
1646
-648
2628
-4746
1727
-2579
-1322
-1056
-6009
-1883
-8146
1260
-4029
-4639
2131
-5319
-2146
-958
-5931
-759
-5163
-8473
-2247
349
-9174
2223
-6161
-4446
-5761
-3195
-7859
-4802
-2473
-6629
-8095
2130
-3421
-1961
2706
-9771
-6232
-3448
2051
-9486
-6386
-4269
1624
-5587
2360
708
-2999
-6306
-8984
-3684
-6790
-7033
870
-7534
-1174
-3943
1776
-7123
-5385
-599
-9542
2918
-1974
-4151
2634
-6272
-475
1968
-7147
-9233
2407
-1851
1450
2642
-2393
-899
-8440
-7933
-2599
-884
-210
-4419
-6208
1016
-1441
-4840
-9839
-346
-936
-2099
-4072
-5529
-3237
-5477
-3232
-6836
2261
-3669
-8446
2365
-5809
-5239
-7520
-5413
-1349
1723
-5066
-7324
-1297
-2932
-6358
-6202
1559
-1697
-4024
-4465
-1260
-832
-8931
-6497
-1490
-3945
-2158
-5813
886
-5298
-3051
-7995
-8386
-4896
-3130
-7283
266
-8168
-1251
-6310
-9786
-282
1277
2628
-2878
963
-8115
-6145
-9626
-7973
-2847
2806
2157
-3789
-5322
-285
1126
-4652
-9043
402
-5703
-1592
1915
-1073
1683
-9451
-4499
2240
-595
-1781
1113
1778
-653
-3748
-210
-6399
-9740
-6956
2314
-8841
-2271
-6669
-6123
-2650
-4206
-288
-8028
-4305
2212
-758
-9432
-8421
-7296
499
-7113
-4400
205
-7327
-2449
-7697
-20
-8430
1865
-2975
-992
-9459
1432
-8248
-9319
-6440
-315
-9936
-9125
1955
-9244
-2324
-9812
-235
2408
-5193
-8623
-1854
-8901
-2252
-7058
-2388
799
-28
-439
-9034
-4789
-7606
-3419
-1528
-9408
-1448
-5022
-8182
-9352
-5894
-8468
-4165
-406
-2650
-3285
2426
1197
-7078
1599
-4992
2348
2371
-8545
-3753
-5392
-2658
-5174
-1026
-8467
-768
1192
606
-1566
-7948
-7888
-3680
-8946
-2973
-5282
-9546
-5844
-5922
-4734
2574
-4925
-4760
-9785
-3931
-8742
-5724
-6928
-3347
944
-7664
-8622
-995
-8528
-4836
336
-7457
48
-2418
-4580
-8989
-1255
-7001
2874
922
-2494
463
-2393
-3532
-5050
-3286
-4879
-6913
-9910
-60
-4054
-2346
-8488
1715
-4228
1500
-8553
-7083
-8911
-4191
-8277
2722
-3279
-1669
-8180
-999
-3840
-3963
-3421
-6663
-4427
-2933
-4052
-8374
-3981
1426
-1567
-6384
-3548
-6025
-1834
-4237
-4615
-4711
-2809
2052
-4771
-2474
-1444
727
-3560
-5943
-369
-4236
-7032
-5505
-2564
-686
-3652
-5352
-172
-7162
-4029
-9897
-4755
1623
1454
-2928
2803
-9431
-6086
-1266
1013
-326
-6234
-5441
313
-3822
-1468
1821
-7013
-4916
-1161
-7323
-6241
-3757
-5886
2825
-5899
1450
940
-7407
492
2520
-6562
1396
2573
-1343
-9017
-8904
-4054
2038
2397
-2750
-4855
1600
-3841
-9673
-5057
1014
-8123
-9377
-8803
-6441
-8087
1855
-5648
-6372
-9363
-682
-129
-5035
920
-2088
-1184
-5646
-438
-5328
1414
-8546
1276
2416
-9544
1622
-5400
-5713
-7197
-9313
-4035
-9691
-6239
-9496
-6400
-7142
978
-7296
-9240
-8153
-6018
-8384
1556
560
-8294
-8525
-9117
-4734
552
-9532
-299
-712
1681
-1215
-6137
-1278
-8805
-6449
-1179
1188
-8435
-5646
-9206
1533
-8267
-1593
-3155