5376
4217
6856
2001
3417
1496
1948
1974
-4905
3349
-5064
-1494
1423
5533
-9027
3166
187
1465
5312
-1671
1012
-3448
4485
9637
-2446
7514
-7632
9991
8307
6014
-1873
9431
9452
8376
5524
-5961
9184
1873
-9311
-4369
-239
-8687
-7970
-7807
-8322
-2709
9673
1881
-7800
9355
3226
-6021
1696
581
3026
-5759
-598
-2800
6347
-1049
-3993
5659
1482
-5107
1938
1017
9565
50
1101
7739
-8958
-5654
8922
2345
6211
-9751
5379
1049
-8818
3331
340
9336
5708
9414
-5731
-6607
-9362
-9187
6946
-5046
-1712
-6188
8155
3137
-3717
2068
618
-9438
4775
3499
-5318
7883
8095
5952
7637
-6300
-3763
-1778
-2094
6262
-8070
4423
7149
2602
3090
-4128
-2603
-1368
-1662
3051
4411
8604
-7755
-1526
7425
-8305
-2706
3366
-94
6566
-7286
4846
-361
8211
-8197
-497
-8622
214
-7084
3519
8310
-7425
3840
-6174
3239
-4452
9103
2958
6770
4649
538
2347
4290
5419
2411
805
5668
-6397
3204
8422
1234
-5049
5772
9261
-7031
2800
-7757
-2849
-8929
3421
3479
4946
-1037
4579
2541
1126
2915
2171
1453
5187
-6434
-4302
2649
1522
-7387
-9921
-8926
-2625
4596
7277
-4460
6877
3012
-3857
-8448
-5259
5831
4832
636
56
-4616
8077
-9002
-1391
7189
5972
4900
6559
-2992
9832
-5641
-3645
3230
-6435
-5015
1082
-6791
6594
-5055
3681
9165
-3866
-1732
-776
-7631
-4154
-5571
3111
-2632
9363
-9794
3756
-1227
3759
-3246
-8958
3669
-1096
2653
-7810
-6423
-6882
2462
-1346
-2718
5162
-3936
-6831
-6695
14
4011
-8616
-5065
-3851
-4135
-3239
-882
3102
4104
-2883
7100
-300
6548
-8227
2199
-2874
3314
-7997
-6657
6738
2255
-8847
-7391
3361
-3178
1390
-8553
1865
7225
4551
5202
9673
545
-2180
-2391
-2649
-29
7159
-6261
-8122
1047
-8437
-3216
-8343
1209
4392
-6920
570
-488
12
7138
3260
3553
7899
9711
-4756
3245
2611
-1772
-5630
-6957
752
-6279
-2050
990
-2267
6146
-3572
-1881
9529
-8473
-2532
5034
9450
-8348
-278
-5750
-6270
-2230
-6338
-5164
8547
-4530
-6157
-9377
-4927
-3359
5881
8519
5926
9389
-4626
-4017
-7313
2843
3375
-6832
6905
-5525
3473
-207
-4024
8635
-1304
9944
9385
-4373
-9141
9131
109
-992
-5485
-2605
7341
-370
-8315
4224
-7105
-1890
4852
-6787
-8327
1327
554
5607
-8003
-9510
-8537
-6421
9780
-4497
-7167
-6872
5894
2109
7517
-838
-4395
-3496
7090
2720
-1724
-473
4384
-7884
-5172
1101
-8524
-6200
-3218
-8581
-4642
259
-4132
-9424
-6355
7756
-1608
960
-3166
-8266
-4893
-5
4816
4613
-3502
-5696
4022
6578
4401
-7647
-7897
6176
-2424
-8067
-5851
2120
1384
-271
5203
3909
2717
-5324
-3532
-2460
-6693
9321
-5436
3885
1796
-9080
3427
3681
-1531
4258
-3277
-53
-4335
2516
-7783
1886
2401
-837
279
-5305
4976
-885
-2012
4035
-4021
-805
-8263
4700
-4229
-1619
-7473
-7184
-7544
326
-3295
-2898
7207
4987
762
1599
6076
-1404
5851
6255
9423
-3031
-7767
4246
7322
-9775
-6723
9986
-5215
8240
7971
6558
-807
6592
8587
-4703
269
-3830
6757
7905
-1743
999
-2083
5872
6925
6976
8057
4214
-6275
893
-158
6966
-3308
-2233
5533
-1378
-6955
2829
7096
681
-6301
7080
1637
7555
-3264
3441
7769
6284
-9279
-8595
3723
-5306
9051
4311
-9340
-9829
9888
1741
1043
4776
-6727
-6186
4811
84
2936
8156
-3402
1021
-2119
-5635
-331
-9679
-1992
-158
-2402
9294
-4982
7187
9980
-4466
329
-6713
-3050
5452
-9492
775
-18
-4578
-4039
7260
-7244
7190
4373
9303
9861
2943
5812
864
2041
-7804
1405
7852
7695
3940
2257
-6396
-4968
6287
-2794
200
9233
5506
1040
3020
6209
-905
-7171
-5444
-7574
-9156
-3395
511
6850
-9716
2337
-287
2852
6188
9082
4651
3999
5628
-3114
1709
4401
-4154
-5534
5461
9471
8675
9980
-9700
9532
813
-2926
-2291
1287
3551
6392
3864
947
7999
-6042
2828
6630
-1864
-6902
-9006
4724
-178
-155
-3733
-6349
-4118
1314
9583
-7334
3135
-2285
2552
-336
9253
7442
616
-4424
-7640
1251
-8322
4471
-6523
-6309
-9616
-504
-8603
2331
-6242
-8089
9315
6618
-2184
665
-5439
2611
-4109
1917
-5294
-1269
6435
-1152
-2354
4714
6927
2731
1731
9223
5466
2447
-7644
5851
-639
1809
-5292
1922
-6899
-8368
-6592
-3843
-2629
5881
-1532
8998
403
-81
-9460
-6555
-5095
1585
-7422
-9279
9353
6654
5048
-9081
-4289
716
-4176
1382
5006
5944
-6359
-611
-5711
2468
-2231
9229
-7486
72
9823
-3447
1807
8292
1867
7699
-1159
-9909
-4871
-4430
3683
9393
9384
6590
-1336
4444
7972
8632
9561
6064
-5343
5900
-551
-8501
-27
-8567
9395
9616
3826
-3465
2668
1157
7121
-4508
711
7155
9785
-839
3937
3830
898
7026
-3582
-7424
-4144
-2092
-7758
-1318
1377
5360
-6586
3350
-3856
-686
-2439
1897
-7061
-4971
-8786
4661
-8758
-7841
-9224
2491
-7361
882
-6631
6914
1978
5476
-785
-2286
1101
3580
7966
6905
6235
-562
2344
3377
470
1978
6145
9936
-3674
-6082
-5865
-3047
1498
7271
5177
-6245
6577
-7780
-309
1974
-4509
-6280
-5590
9512
-5248
2465
7470
6945
-740
-2089
3672
506
9643
-4800
-9779
-1307
350
7695
-745
9176
-1716
-5738
-1619
3721
2092
-4557
-3315
4456
7181
6726
-8505
8442
5023
-7320
9260
3289
-1828
-8384
-3057
-8136
9600
-7442
-5466
5723
-1025
-8148
7409
-3927
7001
-871
-8918
-1459
-4274
4759
-1522
3953
-5270
-3515
-209
-309
6636
1165
-2024
5110
1716
2886
7031
7218
-296
-1760
2197
-4938
-8461
-7421
-2677
8716
-1666
-2489
9314
-5790
-6416
8091
1147
4506
3994
-4980
7934
-9723
3246
9723
-512
4810
4563
9590
1418
9018
-6586
8055
-3320
-729
-1520
3237
-1721
-895
1576
-2229
6507
2648
3184
-9408
3670
6485
1480
-9367
6715
-8985
7618
-9494
1568
1117
1346
-173
6660
2027
7600
-6098
2127
-9657
-9755
8604
-9642
-4939
-8482
1100
2320
-2935
-7689
-3613
-7919
-2195
-8034
9996
-9373
6131
-3754
-8773
-9185
-1262
-4893
4786
-8881
-9130
-6044
-5985
-228
1918
-7124
-3490
383
-6597
-4863
3703
-1356
-1490
-7359
6705
4461
215
-7925
-2840
3255
7602
6906
4730
-5602
-8164
571
170
-5145
6827
4345
5086
5009
-405
2196
-3782
-9788
-9297
4541
-2223
-7753
5804
-8269
3675
1191
-6647
2039
-1860
1807
-7716
-4396
-643
6585
2669
-5447
-6892
-3290
6827
-2646
-9406
1351
792
5447
9061
-1300
6921
2740
-4606
-5644
-6975
7978
4093
7078
3497
4910
-5811
-9806
6828
8868
-3663
7862
-1639
9334
-6306
-1962
-1698
9132
8317
-6181
2189
1174
1114
-3678
2422
-7278
9499
4515
-1814
-1680
887
-5082
1590
-7324
-8011
1263
-6728
-2688
-6127
-5674
8320
4072
515
-9856
963
-7038
2837
4338
7542
-7918
-2138
3851
4787
7667
9166
2708
-8001
5565
1204
2977
-527
-6247
-9555
-1955
29
4071
-6980
5283
3788
9902
-796
-1032
-7620
6819
6786
-7785
158
-3690
6716
3175
8371
-1550
-173
-7810
-3865
8887
7705
4314
4959
6173
9024
-971
6002
8172
-7848
-3003
3233
2745
-1664
-2066
-7798
-5218
8600
492
-8568
-3775
-4877
-8068
-3478
-2159
-2085
-4010
9376
6436
757
7423
3236
-8944
5383
7096
-3533
-8130
-3212
-1626
-7845
3948
-7073
-2014
-2235
2221
1288
-8365
-1721
-3658
562
-3692
8617
5666
3592
9067
1548
7944
-9048
-4875
-4173
-4956
-2268
-4094
-9407
2949
9687
-1898
-8752
3086
5500
-6929
-7255
3368
2695
3196
4070
-758
4699
-8833
-977
9804
-3312
7088
5490
-1770
-1309
-3144
-444
-8909
5238
-4023
-8649
-6306
5153
8856
-6371
-7555
8192
6107
-4523
4803
3973
4056
3821
4277
9549
8483
6949
7284
5102
6858
3741
2434
-3716
5327
5517
7988
3387
7859
2797
-9914
3278
615
-7599
-6565
5859
3582
-9339
3556
-7028
-5714
8992
-7872
4991
9962
-17
9491
2253
1879
-5770
7247
-9886
-7259
9011
1321
2797
7869
7297
6403
9713
4428
8873
-1366
-5348
-2014
-5588
-7231
7270
-1284
-3465
-680
-68
-7612
4027
212
7016
-8860
-859
5754
9008
-1932
9450
-158
7182
-8892
721
7538
-1087
2494
8649
-1894
-4107
-4538
1932
-8674
9151
48
-8411
-573
-3600
-9833
-4330
7540
-489
-8523
8462
-9094
9611
-9044
519
-2816
-4394
-2363
6947
-7660
-8733
-932
1943
3951
-7820
8422
3498
-3863
-4947
1076
4038
-3856
-5966
5784
5409
-7971
5674
5611
3479
-4631
5299
-705
-8589
8047
2197
-7068
9378
2318
2264
5384
-303
-2128
2168
4453
1376
859
-6250
6307
-7301
-4878
6286
-8196
319
399
3705
7170
6988
-846
5814
-4743
-1119
6495
5580
5629
4349
8330
4313
9858
160
-858
2284
-2825
-6749
-622
-1628
-7858
1438
-2264
1314
-272
2952
-438
3403
2940
-9385
3875
4855
4423
3317
-3063
2124
-4811
2747
-3686
2849
3872
8377
9706
-7139
-1800
7766
-8088
5000
-2152
-7310
-4969
-2113
-9710
9297
9595
-7864
-357
1856
-7938
-9654
-6843
9602
-3332
216
-523
5411
3120
-3323
1505
6164
3390
8407
-8396
6133
4761
8476
-1812
-2439
-3778
-9246
6193
4839
7202
7245
1223
-8331
-5168
4503
3809
-7887
-1968
8730
-2046
4524
-4857
2699
7295
-6675
1651
2267
-1650
-2402
6651
2759
1273
-3025
-7036
4194
-6150
-4333
-9846
-8472
4179
-2497
-9031
8090
-8213
-4909
-1076
9843
-5851
-7258
3520
2680
-804
5039
-8630
1414
-7501
-4682
-4026
7861
1716
-2963
2699
-3214
6743
-333
3059
4668
8930
-5340
-1659
5547
-3205
-8626
-8577
6024
5864
1277
8695
-4189
3443
-7208
7066
-4090
-8068
-9659
9114
-2301
7255
8426
4708
9291
8199
-4959
3456
1158
3211
-5898
-7229
-5140
-8434
-9208
6938
-139
-9824
7859
-6580
6708
6796
32
-4235
-8602
-6804
-5978
-113
4443
-6808
4103
-7778
-3552
-6553
-8656
-274
4156
-5105
9410
-6766
7664
7996
-2522
493
6997
-3831
-2410
-2111
628
7469
7205
5789
-279
-8628
-7873
4643
-2065
2853
9883
5759
-1115
-4939
1292
1785
-6515
-9867
-5030
8292
8734
-3597
9997
-4367
-4715
5112
7842
-4105
-9194
1687
9416
-5302
-3388
-4752
819
-7051
6028
-6894
1588
-416
7109
4004
8020
-2618
-9400
-7665
-6276
6648
369
-1562
7611
2985
8338
-6594
-3141
-6964
-4189
4519
9147
-1277
-1052
7625
4728
2117
4070
6004
7940
251
3547
1949
7531
7048
-160
-6872
-2316
-4904
6590
3354
-1755
5163
9067
-5717
592
6682
-9240
-4149
3436
-1449
-434
-4370
-8730
-2578
1181
1250
-9080
4023
2280
-6576
-8031
-5009
9984
-5588
5398
-5061
-3870
7000
2824
5053
-3648
7750
-8093
-1279
-2658
-3238
1639
-9916
9847
-7596
-2650
-2472
2395
3658
-2700
-6291
8546
-3283
8579
-7252
8421
1889
4960
9289
6009
-6053
-1136
4033
2763
7747
-3538
-3191
3161
8726
1208
-6632
-8475
9823
6353
2059
4276
2698
-2404
3964
-9048
9635
-288
3278
2625
6199
-6941
4626
-7954
-7082
2272
5697
9005
2097
-4373
4579
-8117
-7446
8263
-2458
-781
-6073
-9158
-1988
2651
-1237
7544
3665
7602
-7971
4587
-8326
-9948
3309
2745
-9411
-4168
-1998
813
1908
-148
-6138
-5524
879
4567
6005
2003
4757
7085
-7573
9085
-5493
1229
4448
7425
-8084
3074
3990
-6913
-226
8818
2028
-3168
-9583
2374
-8088
-5433
4421
-9747
-5785
1539
3947
5540
-3132
1470
-8213
433
-1946
-916
9196
5169
-5900
7595
-1850
7495
3742
138
-6913
8688
1125
5948
-6003
9383
-9125
6024
-3651
7518
-3010
2687
-4376
-1412
-9037
-2056
743
-8511
9449
-9988
-7826
2083
-9188
8691
1222
3394
3514
-9174
-6455
-1783
8569
7844
9477
4857
-8699
5476
-9821
-8338
-7599
-1084
726
-738
-662
-5949
-5325
-8169
174
9289
4602
5227
4059
-2761
-9166
5333
2077
-8079
-6387
-662
-3083
-5914
6087
4396
841
-2841
8287
5617
2760
-3331
43
2878
-4613
7429
-1225
-6554
-5982
-7603
-4848
7997
5393
87
681
-1664
-5446
-985
1789
-4068
1604
-1180
-628
1071
-3035
-9836
-4535
-4732
-5926
-1562
4285
-5797
-5520
-3122
-1127
-3912
3827
604
-5794
7193
-2000
-9804
4675
-3034
5795
-382
150
-3554
9150
-8843
-2365
-4365
208
6400
9693
8666
-9263
-1426
-1039
6266
3248
-3165
-5754
-2589
5484
-7584
-2939
163
-5454
-6403
3558
-8183
-492
7396
774
-3229
-7808
-7173
-1655
-4139
7476
-7050
-2600
-8883
8058
-57
9833
-9692
2354
3561
-49
9027
7986
3937
9727
-7464
-185
9146
1408
-8518
-4407
2077
4037
-4983
-1635
8119
-9136
701
3474
-3213
-1430
-5093
3305
-6529
4662
2686
-5094
-4415
3940
-8283
-3553
3925
-4337
4398
9952
7176
9977
-3402
8371
5044
-4480
1030
-543
7580
2737
-8651
-8066
-4710
5632
1629
2339
-9090
-6986
9833
-3159
-1503
-6589
-3313
1403
486
-4388
-8076
-613
-7082
368
-5948
8824
2218
1370
-9204
-6976
6177
-432
-4875
9863
-4928
3814
-4320
8971
6607
-305
8176
-1388
-5220
-5982
886
9155
887
-3528
-3365
-4884
-2039
-2129
-2103
-4340
-3973
-6694
450
3401
2445
3197
-7882
-5766
-4384
3254
-8866
6182
2187
-940
-5446
5440
384
-9988
-1933
-7536
-9841
-4400
6804
5722
-4365
-5081
7745
-1849
8685
3162
-7783
6571
-485
-6201
-6981
566
-4151
-3389
-2855
5131
7372
1496
4042
-6191
-978
-9466
5581
-9531
-4167
5675
1959
3082
-9114
1234
9150
6688
2165
3650
-9783
-9330
1207
-1563
-4729
-8896
-2462
-7
-7804
-4337
-1145
-9564
4132
3962
-2868
487
-211
-9361
250
422
-4435
-4056
6085
-3260
9034
6542
5181
-7959
7062
7324
-3631
-7846
-4499
9124
-3411
2586
-8081
-5940
641
433
5356
-8359
-5226
-4678
679
-7896
-4871
-2872
9319
3192
-2825
3771
9471
9068
651
-9416
8270
-6951
9219
5396
9471
3036
4880
-2407
8200
-6747
-3880
-4755
8230
9913
-7962
9124
-7667
-6520
2909
-778
4849
-7561
612
-2938
-9803
2398
8517
9471
235
-4694
6463
-3376
97
-931
6103
-3431
-368
5461
8675
4251
4327
-7594
5004
448
-7253
-7378
-9674
9982
-1856
249
517
1276
-5418
-8279
4978
9350
7240
7165
8675
6214
-1020
-4319
-8783
8682
9132
-5056
2230
-8848
-8187
4694
6656
-566
-579
5522
-6237
-2463
-8455
-2802
-6118
-7488
-8173
-1889
-4781
2338
-2953
-5096
6395
9750
-5641
-9638
-8887
9428
-6626
9895
7446
771
-2816
3992
5752
-9404
-159
6089
-2363
-4927
-3563
9786
-3041
-2129
-3998
519
-7484
-2456
2335
-5880
4998
9421
7324
-2018
-412
2201
-7971
-853
-2020
6538
-1523
-558
9897
9838
-7150
407
-8518
6095
1467
-958
3390
-3766
-9893
-8182
8056
6929
53
1508
-8249
392
-984
3108
706
1789
-3488
-7978
-1647
-1571
-6747
-2606
-2275
8541
-5044
-2275
8599
8603
6936
-4463
4081
1531
9650
-1230
-9682
7753
-1446
2964
-6411
-1579
-4894
4147
8851
-5878
-6401
2279
8585
7445
8120
-4371
-2969
-6601
-7666
503
-629
-5745
-355
-1727
-9755
-3037
2914
652
-2076
8198
-7083
-9549
-504
-2528
-7942
-2846
-8833
-8206
4791
-6124
285
5448
-5486
2961
-8328
7851
-5057
5819
-1753
-3331
7263
2353
5431
612
6847
-3293
2578
8903
-3117
8111
-2487
-1416
-8149
-2893
476
-5311
-2316
1953
-4220
4236
-3663
7840
-3376
9450
9027
-1866
9291
-8432
-7648
-4766
-1517
694
-686
-3878
-4270
-910
-6911
-8856
-8435
6925
-6383
9797
-9349
-6844
-7649
-2449
519
3062
603
1560
-3306
-4032
3956
569
-8556
-7288
2561
9877
5322
2912
1181
-8256
-2941
-1889
1337
-8628
-4207
8744
5864
4316
6253
9543
6832
-1105
-9063
-7094
4595
1077
323
3551
-3809
-7976
8063
2447
5895
6837
-2497
-6329
273
-9826
5678
892
5486
-9524
4386
-5180
-696
3069
398
-6836
3023
7149
-8836
22
5437
6815
2145
-5352
4458
5856
-2545
-6295
-639
4194
1568
9765
1442
9313
-5580
4479
-6052
-9225
-8572
6323
-9148
6147
-6645
-6770
421
-190
-565
-5409
-237
-9228
1003
111
3545
-508
-986
1836
-3201
9129
-8168
-3219
-9334
7273
-9237
-2531
9598
2176
-4516
8735
-8738
-8434
9639
1946
-9107
-9247
-5128
-7493
-6386
-9674
4566
-3562
1276
-2467
-3794
9723
-2123
-9637
7467
3466
5678
-1247
4192
-9056
9245
-6213
2494
4209
2281
2121
4955
4772
-2373
-911
-9778
6551
9610
159
9423
7305
8289
-5567
5695
9613
3983
-1458
-3092
5642
1233
1418
-3348
-5794
9050
-8558
-5185
3150
3992
-8724
-7195
-4755
8026
6197
-9146
-5434
9205
-508
-2399
6402
1294
6883
5155
6130
-171
7898
2283
-178
-977
1915
3291
4236
-5864
-2444
6480
7214
-7335
3978
-7076
-7630
3707
5567
5818
3468
6955
5324
-6708
7201
5113
8643
3134
-7912
-7839
-3858
-9959
3938
2599
3431
-3053
-1385
-7720
-6480
5389
5654
6126
-222
-894
-1170
-5081
-6804
8450
2734
7184
-7784
-6143
2362
-5306
-3558
-8395
-4203
2200
-9699
1993
1110
4965
-8446
8433
-5401
-6390
-7386
605
1535
-6856
7283
-8176
3677
-1276
-2854
7401
5571
961
7250
3852
5501
-165
-5679
-4491
1869
-3298
-3979
9603
5487
-3701
8188
9202
-1775
-2012
1853
-9723
3560
5575
6054
5783
-836
2623
9900
8943
5563
3852
7570
-7419
-3087
-9842
3988
-2029
9959
-1219
-3244
3080
-8847
9728
7212
-953
-8566
-5813
-3189
-7950
9028
-9758
-5689
269
-2455
-1112
4004
1380
-9094
3126
-5995
7502
-5692
6541
-2195
7768
253
-3878
-7866
-2365
8980
-8213
2495
-9144
70
9262
1627
7373
-5678
8403
7973
7932
7873
-3466
4169
-7556
-5609
-4756
9621
-6045
-6619
4695
-656
-262
2197
-4831
-199
-6653
3869
4386
261
-6109
-4846
4168
6358
724
6943
63
-434
-7902
-5637
7205
9487
-2712
2105
-3256
2645
903
7325
-2765
-994
-3222
2625
-9468
3667
-5607
4633
8760
9814
3816
7490
2127
-8469
-5578
7307
-4829
632
-8856
3828
5655
-7873
2847
-8894
9142
-5043
-7664
-3331
5119
7470
-4111
351
-6631
4931
398
-9895
-508
6127
1809
-9341
227
-7987
-8135
-3973
539
3746
-9350
-5055
7209
-3016
-6268
-4124
-2737
-2725
976
-5631
383
4572
5164
-9283
-5009
-3438
6098
8252
-4032
2119
6515
-4391
-2282
-8075
8453
4015
-3963
4100
-2255
7633
8729
-8200
-3592
-9043
-1552
294
-7972
-3197
-401
-7852
-288
499
8032
9027
8620
-5163
-550
-1346
-5848
-6321
4817
-7242
-4189
4469
-3776
4252
-6605
-9501
2306
822
-8869
-1760
-2082
2261
3407
4928
-9092
4685
-1267
608
-5391
7235
-8136
-9275
9293
-2868
8051
8485
-7658
2573
-9657
-6960
-7248
1131
-6854
6921
-3247
1193
1689
4626
-2509
-415
2695
-4400
-8752
3148
-9077
-5601
-2201
-4295
-4329
7328
-34
-5571
-8930
-3389
4383
-8486
-7435
9624
-2109
3752
-9198
-2798
889
7462
5510
1175
6150
-7723
-9438
-9423
9214
9296
9039
-7549
1181
-4272
9598
-2295
-2642
6969
-628
-7756
-8030
-8277
8598
-8977
5604
7982
7074
-1742
7392
-6162
6818
-1530
2064
5741
-8104
4857
-6449
1460
-3820
-63
-6961
5259
-5502
2586
4050
-866
-5392
425
4073
-1048
448
-2602
2084
-4088
4153
-1547
-9100
-8224
5799
-5885
-2080
5248
3033
-1289
3076
-3998
-4273
7971
-9465
2491
-2553
-694
9523
2443
-7013
434
-7533
-9410
-9908
3213
-8796
-9591
5163
-2541
-4206
-8175
9083
-5760
-7378
4078
9048
1648
-7379
5126
5270
-7746
9039
1037
-6529
-2980
7611
-690
281
4502
-2737
-5999
3685
-4769
8367
8346
5949
-8656
-9460
-8631
3200
1
-930
-8032
4805
-7402
4614
-7216
-7565
-3434
-1772
2313
2190
8864
-9882
8614
1902
-8510
5334
7866
7082
-5652
-7475
634
1766
-7169
280
2941
-4345
7450
8755
-5787
-6848
-1078
-9157
-2248
825
9657
1914
3387
-6104
-4958
-4375
-9897
2884
4839
6593
-6809
1286
-2174
1184
-7999
1803
985
1414
-1293
6255
3871
-7433
-1289
-2088
-2764
8204
9062
2425
-3039
-2314
-3669
1750
-3892
-7900
-732
5173
-963
-5079
2974
2535
7870
8445
-6634
-7676
8083
-7082
-8208
-9756
7310
-2232
-7413
-6118
-4375
2283
9550
3642
-1527
-3516
9815
1619
9331
-680
5175
-7894
-1223
-1311
2140
-1579
7631
-2252
7406
5135
3790
2526
-8264
706
-5527
-1798
-2078
-1883
9713
-5366
1196
-2265
1354
-266
-4588
3456
4173
-7681
-4608
-2047
7077
-9129
-8650
-9717
-469
7636
-5070
4334
-8623
8373
-3315
-3742
6309
1363
-3934
5318
4541
-2311
-319
-8460
6271
2628
5879
5382
-6164
-2217
-707
-5575
-9529
8150
-8138
-4079
-8689
-1848
8575
-4119
1638
-5937
-3823
-478
9889
4038
7121
7867
2220
-2792
-9567
-4689
-3009
-957
-6961
9795
-7347
-684
-5004
2392
-6267
-8674
-2288
-4086
9647
-7683
7604
-3276
8123
6285
-1464
8168
-5049
-166
-1878
7061
9102
-2986
-6617
6951
3947
2863
8929
-6525
6492
5853
-645
5502
-2926
1830
1543
1665
-3433
-1815
-4010
2890
-702
-415
1091
246
2477
-3794
-72
1691
5331
3990
3317
-9279
880
-4810
9790
3381
9458
-5895
-4528
1776
-3011
9683
-8243
-8414
5655
3522
-8935
-2546
-2387
2323
-9354
-6929
-4039
6365
6292
-2597
-5269
362
47
6314
7702
1796
-3714
-6276
6226
-4229
-8884
-5752
5875
-261
9537
-5092
2658
711
5838
-5520
4038
-1186
2581
-9331
7229
-5506
1808
-6691
-5971
3392
8127
6447
-5039
8910
8577
-5339
3530
7987
-8860
-6174
8354
2190
-4730
2800
-8500
-5160
2123
-5978
-2454
-5889
2231
1010
-2892
-8631
5922
9827
4223
9836
151
2982
-8974
-7546
-6574
-387
3885
1367
8862
-7801
-2930
-3163
625
9154
6032
7513
2764
-6673
4653
1921
7012
-29
-968
-9591
3717
-9643
-7988
6803
-5300
-4612
9709
-3205
-5359
-6015
-5318
-8784
6830
-2423
-6117
-5153
1132
1711
-8714
-367
-2115
-9276
-8457
-2776
5908
2957
-9186
9532
-9579
-250
-2622
917
-5042
-897
9046
-2620
3328
4778
2595
-4018
3076
-9278
5712
-8675
7281
6212
7410
9898
-6230
3488
9881
1823
7256
5822
-3838
8039
-597
2645
2924
2688
4415
-7633
7007
-338
-2242
-6101
2156
-6545
6200
-7353
-4560
-7805
1685
9966
1946
2485
9158
946
7328
-6619
-2371
2800
-9137
-9986
4281
-5735
-7491
2773
2604
3471
9580
-1844
1778
-2156
-6945
-410
8581
-4776
-4414
21
-8081
-6547
-3914
-7643
-3771
-9324
7605
-6341
-9315
-9701
-9639
1341
7305
8926
-2576
8144
9991
5640
-9802
2488
1038
6952
-7207
5815
1181
-3808
534
-9755
-8642
-4812
3930
6323
2421
7765
-3075
-3217
-4520
-128
9404
-6523
2636
-6391
4181
3673
-9479
-3806
-6763
-6831
8553
-3669
195
9242
1896
9445
2361
-9171
-328
-3820
-3604
-2260
4283
6752
3120
-7170
600
-6091
9981
-6675
-8187
912
9491
-3232
-2442
-215
-9486
7607
-3321
-6510
4966
9325
2704
5714
5512
-7198
1977
9302
7433
9331
3881
226
9403
6493
1468
7479
4224
7052
-5926
-7254
8444
181
3429
3404
-2720
-3961
-8928
-6241
-906
-3921
199
-5058
-7063
-1744
106
-234
-7373
-4852
9561
-8906
8598
4561
5532
6478
2593
7899
-2440
-617
-705
-3134
-6787
-2363
-5768
1643
1189
-7834
930
-8276
1107
-5514
-1768
6926
-3015
4824
1283
5438
-3441
-756
6887
2502
4494
-1028
-4478
5100
2763
7885
5047
6270
7244
9930
1748
-449
-3445
8104
9745
5096
-7682
9973
7795
6097
9697
1206
9721
9377
-1645
-7283
187
-718
8396
-5824
2884
-1908
-3078
-297
-7980
-1758
9144
-3566
9149
274
8443
1173
7061
-4949
578
-8489
6860
5077
-6112
8654
-9430
5657
-9104
4551
9337
-5659
4196
-5375
595
-8330
-5559
-5254
-1633
5303
-2292
8248
8774
9724
2451
-1638
-2858
7770
-5570
5810
5277
-482
-795
240
2960
-7549
-1245
9815
4692
6778
6428
1970
-8416
-5552
1040
5578
-5781
-6449
-9784
1538
2568
16
7190
-580
1771
2339
-8493
-5674
-9983
-9165
981
-6148
4551
777
-2888
9403
-65
-3916
2596
7641
6752
-2555
-4596
-2005
4307
-3981
4842
530
9432
-1209
-7679
-6708
-8103
-5859
-9227
5672
1924
-1013
-4261
7374
-3026
3324
2263
-3716
-8219
-1805
984
-480
-5813
-5152
2205
-6671
5398
-4106
7014
4229
6102
-4483
834
4797
1487
6436
5389
2829
-4394
-6169
3758
2068
-9149
-1989
7144
4093
219
122
-4636
-6629
-6053
223
8557
-4271
3602
-5075
1668
-9212
7669
3290
4600
3437
-8380
9625
-913
-8229
-3171
-3715
480
-1042
8732
-424
2865
1530
-385
-6267
1867
-9114
-3863
7159
-9650
-7413
9672
1246
863
-156
-3233
-3170
2277
4991
5984
5507
-7834
7248
-8474
-8291
-1981
3629
-7768
-8364
2121
1650
-4691
-4349
-206
3210
4281
3455
5041
1207
-9200
875
-17
1396
7222
-9149
-5767
-1643
-5776
-346
-3728
3819
6070
8856
-5907
-935
6551
3867
9384
5575
9730
2909
7348
-8654
-5598
9165
1423
8989
4772
1703
-8805
-6687
8238
-5762
921
-7928
-4693
61
-1641
3952
3723
8402
-5620
4633
-1126
2325
7731
1643
914
-1815
-5520
-4931
-1650
-5019
4705
-8868
3056
-8187
-5802
3731
8690
7024
-5114
1762
4897
8621
5493
3755
382
6973
3555
1766
5794
4245
5832
3497
-5434
-9789
-4677
-9186
6762
105
-8807
-8595
1640
-2677
-4296
4889
-1864
5379
-4257
-2316
5117
5082
9789
9494
5847
4852
-5150
-5220
3798
5849
528
2461
8913
-6520
6800
-2739
6732
4931
-7584
3892
-4895
3460
6570
-5040
-617
5319
3137
9414
-6308
5523
-4680
4318
5346
583
4778
-5242
6616
9228
6034
-4145
-2132
3520
-7195
-1170
5771
9435
6226
-138
7720
-4615
7383
-3245
9999
-7420
-1336
-8475
-8141
-1401
1618
-2691
-4702
8813
-7061
-2339
-1467
5423
5824
438
4907
-6342
1876
7580
-2282
-5033
-9037
-2699
-9958
446
-8135
-9841
-7220
5648
-9481
-2166
-9225
-2321
-6792
7690
7658
-2723
-2965
577
6058
-231
-9006
8905
-732
7434
5747
9673
-5000
-3875
-8406
-8583
3212
3
-3818
-7313
-4176
2756
-8409
4827
-6301
3917
8024
4089
4232
-6027
4289
-5608
-8007
-6560
775
-5229
8270
-7235
9686
658
1041
-3323
9463
-5262
4996
-4959
-7743
5689
3483
868
5766
-5537
6168
1557
-9933
-6855
-1189
-3091
-6010
-8320
-2950
1215
-294
7270
3206
-8420
-1476
3972
-6832
612
-8050
-9189
9077
1200
3750
119
5215
-9706
-2229
8383
-2156
1459
-9283
-3546
209
-39
4082
811
-521
1649
8119
3636
4522
-2542
876
-1329
-2462
-2426
-3992
7165
9816
-5358
484
6277
481
3217
9990
7662
156
-5222
1360
-6479
4149
170
8018
304
-2419
-8063
-3391
1784
1487
-444
9103
-1747
7835
9004
1791
-7054
-3388
-8696
-493
-7014
-4492
-1134
523
4822
9753
3849
9065
-7861
7592
-7251
-6962
9013
1230
6754
7736
-5055
8396
-3589
9160
-2188
-4620
5114
-4832
1211
5307
1615
3992
7495
2040
539
8289
-8275
7349
-2141
-234
-634
1576
8011
3795
-853
-9410
7077
1536
9058
528
9695
-7177
8528
-9109
-4249
4993
5125
-9186
3867
9122
-4424
-1228
2086
-8525
6029
-7225
-7985
-2342
-7415
9597
-2664
-3515
-1195
1206
5374
-3374
4016
5782
-7861
4915
3801
-7873
3240
-3438
5780
1728
3371
5421
4460
7229
-8883
7869
-1323
3580
2808
-9529
8430
3622
-9544
-5248
-3529
-7387
4052
-3282
-4463
3591
9745
5070
9129
2551
2058
9092
3367
6874
9053
7182
-8371
-1025
-367
-3813
8817
-8886
-9864
7376
-7415
6793
8015
-5988
9706
4265
-7289
8462
-1641
9669
-2901
706
7280
1464
4753
7121
-6575
-6675
6418
-4866
121
8738
-445
9945
1958
2021
-2906
8094
3275
-6975
9705
-2568
-4681
-514
-447
6668
-9502
-9882
-1640
1258
-4555
-3047
1337
3343
8948
6043
-9141
2186
-4124
-4700
6739
5739
7666
6367
7612
-3614
2959
7806
-9103
-3950
4376
-4087
3778
5488
-433
8601
9092
2016
4881
-6992
1982
-8305
6152
2814
3642
-5687
9581
-6014
5988
7356
3820
-5477
8949
8789
2502
2398
7808
3213
-4812
2890
6691
9923
-9441
-9290
-919
4340
-4110
4811
8083
-6603
-1924
2802
6017
2907
-7771
9549
3368
-5766
2458
8986
-378
-5530
6329
7833
-7189
-3278
-7454
-9014
-5238
1829
-9987
-1164
8289
-6844
-3598
-1631
-325
2894
-7930
-7263
2640
4745
-869
-941
-5764
2617
9347
2424
2425
-4108
5301
1365
7632
-8401
-9161
777
6231
-7336
-9870
4369
8430
-5569
-5461
7089
4342
-3620
4803
-2806
2897
2571
3404
-3038
3387
-8956
-4751
316
-6642
-8336
-7607
1805
-3374
7672
5232
2430
-4280
1012
-911
-4746
-3071
5595
532
8228
1423
-1909
5254
2599
138
972
8839
9065
8760
2572
1123
-3529
-2793
-5006
3781
-9040
4538
-1155
-4458
70
8785
1839
-9548
4763
-1268
5999
946
8256
2944
-676
-5221
7632
-8206
-4217
6389
1054
-893
-2583
1980
-1247
9580
882
-4487
-85
764
7058
-1043
-4484
-2705
4014
-5557
-3164
9289
5692
8972
1179
9241
8714
2297
-6663
-5183
6972
3870
3834
-6124
7049
-4821
-9299
-3942
4762
3812
-5339
-929
2478
-76
2338
-9475
-5681
-5151
8471
-4947
-4019
3285
8890
-4526
3806
-2225
-4564
6791
9023
7018
4121
3068
8382
273
6005
5798
6438
4115
8948
-9558
4629
-6977
5088
-753
-3975
9160
4636
-6221
1074
3255
-4344
5732
2236
-3648
-3561
553
-301
-7835
6095
6202
8276
1512
2330
5379
-3691
7420
-9371
652
8215
-4948
10000
-1885
-2153
-6014
-1962
-8083
-2076
-4060
5431
5809
9526
-5701
-112
118
-4797
-2501
9242
6752
2585
-847
7877
-3716
3250
-1750
-5961
-1047
-2198
4060
-2175
-2797
-1892
-5892
-4276
-2810
-9310
-3223
3101
-3214
7511
-4931
-1376
3130
1242
7479
7957
-7486
-15
5571
7243
9170
9679
-4625
-2490
5429
4906
9399
-1263
5750
6101
-4608
4621
4738
4880
-9971
-7655
-1657
5154
7008
7915
-4436
-6075
295
459
-3842
7635
2485
2548
-3382
-7548
370
-8075
-5803
-949
-5235
-8676
-4075
-6505
9336
7680
8257
-8562
913
4342
5618
9141
-5643
8833
-5432
4801
-472
-1963
-2601
-7859
26
-960
-5457
-119
-6891
6372
5796
-1778
4838
-2016
9802
-9619
-3780
-2029
-5526
-3656
-3422
-3583
4240
1318
-2914
-988
1813
3450
-9249
-8405
4439
-4499
-7880
-904
2668
3333
8091
-7483
-6906
7324
647
-4122
474
139
2953
8330
-2770
-574
-3062
3319
5229
-4068
-8266
5369
-8443
221
-4315
2947
5531
-5413
2275
3509
5366
-3666
6834
-6438
-1771
3859
-9208
-6133
269
7651
2707
-8528
-7942
4380
481
-5052
2389
-9813
-2177
9377
-5305
-2096
-8657
-821
-6171
8670
9827
-9112
9186
5372
-2280
3564
-5115
-5215
2528
-4285
-8494
-8154
2419
508
1906
-7232
5267
-1107
6611
5811
-5218
-4143
3171
1187
-3614
9480
-7712
3309
971
6558
4722
6298
-6890
3923
-3364
-3717
5783
7920
-5865
-6649
-7958
7855
6239
-835
2004
-97
-1170
-2033
6746
-3564
-1585
-641
-1609
-9017
6020
2708
9231
-8386
1871
9127
3741
2588
720
4287
8852
-135
-9162
4082
4772
-8864
1965
-6240
3639
-2676
-7576
-86
-7530
1736
262
4057
8970
4041
-564
8893
3278
-5938
8459
4129
-3528
-9713
5507
-8587
-3585
2951
-1533
-9501
7184
4054
9474
-7317
-8193
-6448
5900
3375
2560
-7925
6346
-2150
-5316
8269
-7163
2324
5994
-9793
-86
6300
8186
-8043
-8830
-2961
-2924
-1772
9653
-1762
-8960
-8417
-7286
3894
-7900
-2669
8737
656
-606
-8841
4662
4674
-3992
-3494
-2837
-7776
-7959
4122
-3617
5060
9845
6994
-2083
2254
2446
1454
7731
-5714
-294
5846
-4903
-2285
-4269
-1527
7941
3566
-9352
4463
5125
