210 1000
880 1404
344 801
323 1263
1315 1373
710 911
720 1028
623 757
1195 1384
187 677
667 1351
204 774
306 1033
623 1077
76 878
130 511
1312 1392
7 712
1200 1326
1233 1418
934 1333
426 908
928 1409
61 514
190 1171
137 796
1164 1406
700 1327
541 1209
617 1154
795 1175
246 1011
258 902
15 276
15 987
924 1376
1051 1415
1205 1421
204 1071
864 1356
599 724
905 1412
541 1287
1254 1379
943 1353
1327 1365
805 1390
990 1234
804 1297
659 926
688 1231
848 952
1334 1398
675 819
992 1366
304 924
885 1085
1126 1419
187 737
623 1196
482 1208
993 1367
219 388
1300 1342
825 1072
1313 1350
150 271
465 954
132 508
1113 1368
1086 1231
1297 1405
1041 1369
141 694
740 1403
958 1251
1093 1399
293 1001
515 1321
18 438
108 495
1057 1420
92 700
1062 1419
803 1352
830 1169
116 329
1331 1398
365 1115
489 1437
1018 1420
554 765
1255 1365
1333 1358
1266 1378
83 252
228 810
451 1259
749 1142
1269 1413
773 1368
953 1224
1144 1415
458 868
711 1413
451 937
441 616
202 952
145 1140
257 583
1213 1348
174 367
580 1372
720 1357
314 1025
782 1391
1275 1424
183 755
1 660
1173 1375
178 374
857 1363
829 1377
918 1427
680 1031
11 283
658 1424
250 1020
1337 1382
1236 1354
347 1282
611 1068
1305 1429
152 315
553 808
788 922
1335 1392
999 1393
30 918
613 1392
920 1401
336 661
8 480
817 958
631 1128
97 619
430 1234
925 1391
835 1415
96 797
496 1337
353 691
198 1095
934 1353
1257 1412
1225 1370
535 744
910 1241
495 1143
1312 1356
816 1323
430 1298
135 536
48 404
1291 1397
593 1305
1165 1396
16 803
288 787
835 1392
1330 1413
415 1246
242 463
668 879
738 989
370 906
883 1418
608 730
698 881
587 1416
1231 1349
735 942
108 713
42 172
1322 1379
524 1187
693 1268
583 875
207 780
856 1401
227 1102
496 599
330 824
542 663
697 926
773 1205
661 996
443 1007
1105 1349
564 1389
523 1430
982 1404
626 1057
1076 1410
929 1308
1075 1435
1233 1393
30 877
1285 1369
40 907
799 1335
1216 1368
345 498
1012 1354
718 1026
848 1140
1280 1390
528 672
539 969
109 340
188 675
9 944
839 1287
225 1074
1067 1425
1146 1399
1314 1380
413 789
361 1112
547 1306
116 428
1049 1301
564 1340
1271 1390
351 454
1210 1436
480 1343
502 1249
670 1282
1238 1416
1132 1381
1121 1430
1299 1357
974 1430
863 1389
273 510
82 853
825 1366
214 827
608 898
568 1264
256 659
458 736
890 1351
1115 1346
246 385
1140 1406
978 1231
411 1183
413 627
1107 1354
366 1122
129 376
568 977
451 582
1185 1378
928 1413
1090 1408
89 786
353 1053
380 957
395 986
875 1311
124 553
505 873
795 1362
330 537
854 1386
565 1348
954 1340
635 1377
773 1424
1054 1396
241 1124
294 950
1223 1361
1288 1371
596 1428
88 879
1274 1368
622 1144
601 743
679 818
136 259
726 1349
183 921
538 1105
867 1359
239 798
1115 1348
306 540
1134 1412
812 1355
1113 1215
584 1294
1067 1430
220 443
154 744
172 517
1133 1393
267 486
712 1400
544 1170
660 1373
411 1231
215 432
1278 1401
166 1123
1006 1423
752 1343
1015 1392
502 961
1288 1397
841 977
577 690
221 948
1267 1363
1098 1369
225 715
155 1125
1297 1427
727 1320
1113 1298
590 759
103 323
1233 1376
541 1389
407 970
984 1087
1025 1384
1239 1378
83 751
1243 1362
428 1336
1337 1352
926 1353
262 682
171 514
435 1086
712 1418
34 577
1217 1373
976 1396
1027 1418
973 1362
608 1216
757 1001
863 1345
960 1138
701 1077
246 544
367 1136
346 696
483 1420
321 1187
617 1365
35 989
1013 1361
665 1227
764 1315
756 1399
308 887
627 832
490 821
360 662
645 1029
116 385
804 1349
421 987
122 857
149 891
110 849
722 860
1282 1341
328 583
1256 1370
348 1106
1080 1363
669 1258
1106 1394
177 958
1093 1357
163 470
1310 1399
407 1039
934 1299
1195 1420
211 317
291 961
221 823
883 1156
1035 1405
772 1372
424 675
1255 1429
1177 1375
625 888
1094 1411
8 996
1318 1421
935 1389
561 1076
798 1428
1204 1309
736 1357
380 898
301 1066
216 327
83 1020
775 1401
733 851
965 1139
163 689
449 1101
803 1386
255 1118
1332 1390
914 1058
1253 1350
593 1034
1051 1393
1244 1351
1123 1346
1131 1401
221 945
1031 1366
599 1389
498 928
909 1280
393 499
1077 1413
479 709
750 1363
1079 1425
916 1424
715 846
207 522
1275 1345
51 478
534 1056
1158 1393
61 605
538 1421
709 1172
114 654
501 731
1012 1357
293 893
496 882
981 1412
7 489
915 1379
224 1161
921 1404
464 1415
215 813
223 365
104 541
586 927
922 1340
293 459
339 469
835 1373
202 467
892 1118
1306 1413
747 1226
716 1343
368 580
214 706
1190 1350
947 1356
1180 1317
34 437
805 1410
1050 1393
627 864
460 801
321 1214
106 470
157 942
1182 1420
821 1366
866 1040
734 1371
503 1274
185 806
1251 1429
1139 1369
1013 1384
378 967
279 495
362 961
1199 1381
514 1383
270 499
971 1416
931 1361
322 469
755 1295
790 1196
617 1094
198 1197
405 1319
496 776
1259 1412
1123 1349
1273 1429
946 1376
1339 1371
21 503
1003 1432
622 897
445 1107
725 893
196 701
390 1198
158 827
891 1340
931 1068
1290 1404
361 1013
711 1348
298 731
602 1206
1117 1438
1218 1381
201 328
740 854
15 838
901 1276
280 571
1090 1422
773 1007
1240 1427
376 763
842 1355
84 910
1010 1424
733 1361
1284 1406
1006 1342
860 1379
280 1216
570 1018
724 1404
626 1391
1093 1400
83 777
1054 1378
2 780
282 601
357 1248
286 1071
170 341
457 1109
495 1158
1225 1353
548 1109
24 957
9 327
922 1391
1339 1372
1015 1396
789 973
1284 1428
1294 1350
210 435
713 1425
1205 1413
1253 1344
712 1414
963 1243
892 1278
691 1343
870 1372
764 1383
520 848
1000 1409
221 841
1291 1406
791 1372
168 520
756 1190
555 921
915 1395
799 916
798 1363
172 596
346 479
851 1406
454 1063
694 1131
8 216
185 1106
400 826
1179 1353
625 916
811 1397
22 894
178 1168
1121 1372
29 777
1024 1420
692 996
1271 1410
400 678
784 1377
114 236
1285 1352
1031 1415
264 599
753 1060
236 547
1126 1370
610 1151
1328 1386
478 1363
325 1228
447 936
77 894
557 1043
440 982
509 1157
1292 1403
1189 1392
431 1121
888 1373
648 1437
81 834
1303 1428
262 577
1129 1429
1307 1395
1187 1419
238 428
494 1395
850 1319
363 1295
1312 1363
1215 1340
497 1056
1281 1352
962 1239
705 1422
1166 1411
215 350
1174 1419
654 1427
668 1290
517 1117
785 1041
115 232
621 976
527 950
616 1016
749 984
1250 1403
733 944
1246 1353
1155 1366
967 1403
1312 1391
238 760
310 604
443 993
495 1215
687 1031
826 1305
263 656
464 1103
58 181
688 1344
1309 1364
1095 1381
367 996
1242 1431
250 1035
213 415
427 746
735 1349
914 1362
366 1018
1022 1390
427 1091
322 1218
505 975
1264 1383
765 1305
352 1251
128 918
782 919
56 423
719 1032
36 774
339 1313
748 1056
1030 1348
1309 1357
1105 1361
1334 1402
1178 1387
722 1271
940 1368
896 1343
1338 1350
851 1334
534 668
24 1024
176 1091
623 1062
1300 1357
158 306
448 1117
707 1086
188 432
1298 1400
316 648
1109 1392
978 1371
610 721
805 1419
597 1009
693 1139
68 415
658 1138
179 792
61 678
803 1077
458 858
944 1272
350 930
48 227
933 1056
473 1424
716 1392
1328 1433
1294 1419
18 464
765 1356
501 1098
813 1009
1082 1402
1143 1438
164 819
592 859
669 953
474 592
594 1133
1126 1368
1325 1395
859 1392
340 1299
369 1230
1300 1426
508 921
659 1373
530 759
678 943
419 1025
702 1344
187 671
67 1024
774 998
939 1382
1006 1368
907 1340
53 247
312 684
1082 1425
1144 1353
583 738
905 1424
1329 1405
1127 1340
984 1347
270 960
88 1074
910 1294
670 899
211 1099
645 1044
273 464
269 573
966 1428
534 743
1055 1427
421 969
947 1415
65 497
891 1121
973 1344
1180 1407
79 790
866 1367
1312 1400
128 244
726 1285
702 1353
867 1361
30 172
477 848
1064 1437
1261 1414
818 1078
1097 1385
990 1353
775 1420
1091 1401
1012 1404
1303 1390
633 1341
267 774
263 689
769 1281
563 707
1196 1388
401 1100
1044 1255
927 1413
182 425
996 1353
661 1032
656 1339
425 994
1006 1282
13 804
527 1367
461 1311
318 817
826 1378
339 775
461 1419
876 1070
67 192
373 641
744 1338
257 433
194 719
673 1400
792 1385
855 1080
601 1369
79 273
61 246
194 373
1229 1429
44 205
1021 1235
1192 1387
456 1426
1196 1297
880 1401
777 956
863 1408
1149 1436
473 1124
478 1334
1249 1379
806 961
764 1362
228 609
249 1145
1151 1375
866 1343
1170 1395
46 967
916 1055
701 813
1110 1382
958 1229
1019 1388
680 1381
141 1061
349 954
597 1019
552 1417
884 1331
1331 1351
649 1401
1036 1138
1225 1381
882 1103
999 1237
1004 1387
256 454
208 474
405 785
500 603
1257 1392
739 1182
469 892
337 1282
989 1440
184 987
519 1376
143 947
965 1353
1315 1391
661 1005
1161 1423
89 594
152 780
606 797
313 1049
179 781
959 1405
1216 1354
345 1155
675 1066
676 1390
12 370
892 1324
564 1300
669 870
1162 1340
1325 1360
52 247
555 1064
6 699
728 923
195 865
346 1152
401 763
1009 1426
758 867
358 1042
231 390
1157 1346
1229 1374
735 1420
227 1219
1137 1288
983 1137
120 553
1029 1144
850 1295
527 1341
736 1125
79 523
829 1398
524 1363
15 640
113 823
351 477
194 315
573 899
182 1053
996 1235
1316 1360
96 846
1056 1273
84 521
944 1365
163 976
1186 1410
317 836
984 1133
957 1399
1089 1244
1100 1417
1243 1345
826 1385
1333 1357
550 1385
340 557
130 922
660 1334
1219 1350
873 1124
543 1428
996 1346
1051 1367
663 790
1009 1387
1066 1405
331 1174
1052 1397
173 1061
704 1244
742 1395
1143 1376
1119 1427
279 1089
874 1167
1060 1299
1123 1387
66 473
395 1063
305 415
143 979
