2023
1000
441
753
220
982
517
180
38
22
536
124
727
34
116
437
772
865
466
275
989
513
524
244
130
208
414
781
693
832
564
125
185
66
628
613
760
671
982
816
254
282
592
288
937
202
276
735
373
846
753
687
376
759
624
570
74
197
624
13
569
736
487
205
458
411
939
662
405
503
677
102
883
649
22
707
920
237
307
927
931
679
408
847
80
876
749
425
441
58
539
563
48
970
248
518
795
388
830
526
262
614
330
870
169
652
804
726
738
916
649
837
890
696
81
889
328
640
126
581
662
515
221
348
964
114
54
912
401
503
912
533
407
780
666
317
350
538
678
427
72
23
686
524
408
702
673
352
889
358
190
156
263
249
864
747
393
982
906
56
598
891
325
235
5
117
430
110
31
764
540
790
961
698
509
640
829
697
939
262
441
702
24
43
314
757
271
159
916
918
923
367
631
622
828
180
697
451
520
292
272
563
322
126
818
400
194
564
739
224
917
696
43
644
615
896
868
282
921
247
846
272
194
112
840
173
159
340
870
329
942
378
177
647
989
877
381
898
225
913
563
706
419
692
2
228
324
987
8
932
312
415
530
273
445
1
370
210
285
645
241
854
694
411
282
540
519
396
654
738
516
970
58
8
684
140
852
501
111
613
848
172
332
937
18
527
848
904
203
989
507
171
613
580
673
709
13
8
410
461
708
928
333
270
417
341
358
522
589
306
148
868
100
672
796
69
522
756
393
754
692
615
193
665
231
345
358
478
335
974
127
845
91
649
904
920
839
63
521
676
170
326
315
896
841
638
71
940
783
604
188
257
614
656
769
94
735
667
40
72
983
880
188
615
179
303
778
450
768
876
230
460
235
717
585
366
300
297
824
592
274
417
694
730
787
870
231
435
880
811
185
172
24
450
692
289
139
700
718
538
860
621
173
907
374
727
22
897
71
403
793
439
843
447
797
567
187
457
827
308
73
343
570
956
692
59
437
785
25
297
228
599
579
286
731
653
244
786
356
60
849
333
365
477
18
745
328
576
652
126
103
681
873
410
466
518
51
217
216
316
291
237
872
774
176
195
860
557
716
145
323
400
101
767
459
739
977
93
938
946
730
860
133
899
194
546
726
170
820
213
603
28
571
41
769
613
461
591
302
823
885
771
859
508
803
703
581
106
950
726
540
957
278
269
585
430
104
973
580
629
469
691
736
503
542
295
828
61
998
846
279
387
790
116
62
958
2
625
96
490
965
621
219
95
672
645
750
303
455
340
509
487
11
672
355
195
35
357
965
508
875
521
107
105
448
154
168
162
208
626
429
478
877
91
664
848
472
642
830
897
544
525
605
659
337
791
376
118
761
866
923
644
659
588
615
444
514
114
647
519
477
589
95
828
910
31
610
920
9
507
722
393
526
69
964
350
915
448
767
656
777
50
400
341
703
784
819
290
476
220
334
358
995
312
420
955
430
776
748
306
182
456
110
255
145
531
119
591
623
265
528
66
347
990
741
428
189
754
126
127
212
321
445
788
173
364
398
214
649
9
919
140
699
461
475
322
939
146
197
172
666
229
666
211
692
269
12
5
571
991
766
676
650
622
95
861
12
322
83
780
133
904
941
615
345
389
366
885
516
419
488
43
558
953
461
983
654
234
97
904
352
394
642
657
242
244
489
78
367
613
311
618
64
417
39
761
287
52
865
303
902
127
488
153
504
723
119
696
162
111
207
777
226
179
428
739
262
285
373
102
899
288
518
903
109
870
979
141
914
699
697
603
369
793
2
226
905
490
154
518
125
792
916
256
406
533
393
885
988
300
499
2
679
763
403
614
608
585
44
633
744
977
781
462
414
604
409
432
177
202
833
771
132
854
977
108
372
263
497
575
478
95
153
615
201
695
924
605
391
388
617
321
447
520
774
148
11
455
841
802
124
960
708
786
466
727
870
825
786
296
243
346
89
468
156
649
825
167
262
719
680
804
42
789
585
513
325
611
80
830
97
916
421
694
452
517
387
366
149
473
824
99
818
95
146
271
233
978
365
126
322
844
194
123
123
320
919
919
202
953
403
260
745
956
200
326
925
394
17
638
263
459
18
788
895
581
985
946
644
314
280
346
246
953
508
252
723
299
572
132
597
467
165
195
71
564
354
862
895
819
346
839
962
726
863
863
826
405
227
541
334
973
276
887
674
57
15
791
448
947
602
627
821
884
42
795
294
822
718
331
228
123
51
824
968
441
384
519
91
644
425
318
72
31
797
624
192
278
521
15
550
562
414
948
217
719
18
78
685
69
569
5
